# n_mid_fm^-3 cs2_over_c2; frozen 20260908 uniform beta-equilibrated npe core
1.558150162072382324e-03 8.728190380504400160e-04
1.617304270635850499e-03 8.831175613612006828e-04
1.678704124599932415e-03 8.932976571176644634e-04
1.742434982157621895e-03 9.033466187726015917e-04
1.808585338271084027e-03 9.132513731998327059e-04
1.877247047553385999e-03 9.229984967915591315e-04
1.948515451815352548e-03 9.325742284151267983e-04
2.022489512454654376e-03 9.419644890198867549e-04
2.099271947870953378e-03 9.511548995382466867e-04
2.178969376097920387e-03 9.601308102939882768e-04
2.261692462850185305e-03 9.688773249540260767e-04
2.347556075190780460e-03 9.773793347819471813e-04
2.436679441032471582e-03 9.856215578498150626e-04
2.529186314694439885e-03 9.935885790246993914e-04
2.625205148744223782e-03 1.001264899620795800e-03
2.724869272363509339e-03 1.008634990765892945e-03
2.828317076485459790e-03 1.015683355843303255e-03
2.935692205960663617e-03 1.022394594475161409e-03
3.047143759018525536e-03 1.028753481848419544e-03
3.162826494301073689e-03 1.034745049429006570e-03
3.282901045756665345e-03 1.040354682076563260e-03
3.407534145691991714e-03 1.045568213383591153e-03
3.536898856292089444e-03 1.050372046470279385e-03
3.671174809929855093e-03 1.054753272684292968e-03
3.810548458598750961e-03 1.058699811922828851e-03
3.955213332815051518e-03 1.062200559330086494e-03
4.105370310349127153e-03 1.065245553336437254e-03
4.261227895158946344e-03 1.067826149165675273e-03
4.423002506913090159e-03 1.069935220819849542e-03
4.590918781505290425e-03 1.071567370997964603e-03
4.765209882977841302e-03 1.072719161733829427e-03
4.946117827286926338e-03 1.073389371342944138e-03
5.133893818359503911e-03 1.073579264470516086e-03
5.328798596908343108e-03 1.073292891298169814e-03
5.531102802489608165e-03 1.072537408012722276e-03
5.741087349305692630e-03 1.071323426452728492e-03
5.959043816275148842e-03 1.069665389332533686e-03
6.185274851911383605e-03 1.067581976545745265e-03
6.420094594572269345e-03 1.065096543059837952e-03
6.663829108664260335e-03 1.062237590073416508e-03
6.916816837406679699e-03 1.059039272094129246e-03
7.179409072784935508e-03 1.055541942532129502e-03
7.451970443345149256e-03 1.051792736323613805e-03
7.734879420507593216e-03 1.047846196478995030e-03
8.028528844101975870e-03 1.043764946778469403e-03
8.333326467854288572e-03 1.039620404932265667e-03
8.649695525582739436e-03 1.035493547406513308e-03
8.978075318888884340e-03 1.031475727914811990e-03
9.318921827160070448e-03 1.027669537585040004e-03
9.672708340730185733e-03 1.024189732590814403e-03
1.003992611807797558e-02 1.021164206492354651e-03
1.042108506797538754e-02 1.018735024731850028e-03
1.081671445753323163e-02 1.017059516242572190e-03
1.122736364712734192e-02 1.016311424036346394e-03
1.165360285322566622e-02 1.016682115412571733e-03
1.209602394017558757e-02 1.018381847920831916e-03
1.255524124205089666e-02 1.021641097350112345e-03
1.303189241569965851e-02 1.026711939506238028e-03
1.352663932617742364e-02 1.033869482652080606e-03
1.404016896579531049e-02 1.043413354273969298e-03
1.457319440805913968e-02 1.055669225656619007e-03
1.512645579782422381e-02 1.070990375855240557e-03
1.570072137904067466e-02 1.089759281638704152e-03
1.629678856151637462e-02 1.112389226074538733e-03
1.691548502817890112e-02 1.139325903494371392e-03
1.755766988437387072e-02 1.171049015153760369e-03
1.822423485079559952e-02 1.208073827341540592e-03
1.891610550170660238e-02 1.250952669205487736e-03
1.963424255016521514e-02 1.300276343594333056e-03
2.033333333333333520e-02 1.352965490602280399e-03
2.099999999999999784e-02 1.407588123162191581e-03
2.166666666666666741e-02 1.466442980219424385e-03
2.233333333333333351e-02 1.529515388496430510e-03
2.299999999999999961e-02 1.596784167194013372e-03
2.366666666666666918e-02 1.668222234097912300e-03
2.433333333333333182e-02 1.743797136958440304e-03
2.500000000000000139e-02 1.823471526708874118e-03
2.566666666666666749e-02 1.907203575664994516e-03
2.633333333333333359e-02 1.994947353539587315e-03
2.699999999999999969e-02 2.086653160725206527e-03
2.766666666666666580e-02 2.182267833076047270e-03
2.833333333333333537e-02 2.281735013646117669e-03
2.899999999999999800e-02 2.384995400201293109e-03
2.966666666666666757e-02 2.491986972108109575e-03
3.033333333333333368e-02 2.602645195527517139e-03
3.099999999999999978e-02 2.716903213001471609e-03
3.166666666666666241e-02 2.834692017579881328e-03
3.233333333333333198e-02 2.955940613189175434e-03
3.300000000000000155e-02 3.080576164003531042e-03
3.366666666666666419e-02 3.208524132217394076e-03
3.433333333333333376e-02 3.339708407815914111e-03
3.500000000000000333e-02 3.474051427320639079e-03
3.566666666666666596e-02 3.611474289286366497e-03
3.633333333333333554e-02 3.751896857779491324e-03
3.699999999999999817e-02 3.895237863789098153e-03
3.766666666666666774e-02 4.041414999070442812e-03
3.833333333333333037e-02 4.190345005561414878e-03
3.899999999999999994e-02 4.341943759433577674e-03
3.966666666666666952e-02 4.496126367672428556e-03
4.033333333333333215e-02 4.652807171934164945e-03
4.100000000000000172e-02 4.811899957010698677e-03
4.166666666666666435e-02 4.973317892364680949e-03
4.233333333333333393e-02 5.136973659594840091e-03
4.299999999999999656e-02 5.302779504678000431e-03
4.366666666666666613e-02 5.470647298501802626e-03
4.433333333333333570e-02 5.640488596082759466e-03
4.499999999999999833e-02 5.812214692623617757e-03
4.566666666666666791e-02 5.985736676069177385e-03
4.633333333333333054e-02 6.160965483686482377e-03
4.700000000000000011e-02 6.337811945311397355e-03
4.766666666666666274e-02 6.516186838801516293e-03
4.833333333333333232e-02 6.696000930277848373e-03
4.900000000000000189e-02 6.877165023583686407e-03
4.966666666666666452e-02 7.059590001109594323e-03
5.033333333333333409e-02 7.243186865742534501e-03
5.099999999999999672e-02 7.427866782224207265e-03
5.166666666666666630e-02 7.613541114286053423e-03
5.233333333333333587e-02 7.800121464065251642e-03
5.299999999999999850e-02 7.987519706704880595e-03
5.366666666666666113e-02 8.175648025007855799e-03
5.433333333333333071e-02 8.364418945961030194e-03
5.500000000000000028e-02 8.553745369153611944e-03
5.566666666666666291e-02 8.743540601228078774e-03
5.633333333333333248e-02 8.933718384502976548e-03
5.700000000000000205e-02 9.124192927558416946e-03
5.766666666666666469e-02 9.314878931150497379e-03
5.833333333333333426e-02 9.505691617493391629e-03
5.900000000000000383e-02 9.696546755400650350e-03
5.966666666666666646e-02 9.887360685423042528e-03
6.033333333333332910e-02 1.007805034402282918e-02
6.099999999999999867e-02 1.026853328706218635e-02
6.166666666666666824e-02 1.045872771244779273e-02
6.233333333333333087e-02 1.064855248075467428e-02
6.300000000000000044e-02 1.083792713748482281e-02
6.366666666666667695e-02 1.102677193203465550e-02
6.433333333333332571e-02 1.121500783631707195e-02
6.500000000000000222e-02 1.140255656449237591e-02
6.566666666666666485e-02 1.158934059010027773e-02
6.633333333333332749e-02 1.177528316239191165e-02
6.700000000000000400e-02 1.196030832350506411e-02
6.766666666666666663e-02 1.214434092389430828e-02
6.833333333333332926e-02 1.232730663702885122e-02
6.900000000000000577e-02 1.250913197385024149e-02
6.966666666666665453e-02 1.268974429645185024e-02
7.033333333333333104e-02 1.286907183179109709e-02
7.100000000000000755e-02 1.304704368441080009e-02
7.166666666666665630e-02 1.322358984675476440e-02
7.233333333333333282e-02 1.339864121389720136e-02
7.300000000000000933e-02 1.357212959221622446e-02
7.366666666666665808e-02 1.374398771069824596e-02
7.433333333333333459e-02 1.391414923212522942e-02
7.499999999999999722e-02 1.408254876156228921e-02
7.566666666666665986e-02 1.424912185696737554e-02
7.633333333333333637e-02 1.441380503703444844e-02
7.699999999999999900e-02 1.457653579166069344e-02
7.766666666666666163e-02 1.473725258796035505e-02
7.833333333333333814e-02 1.489589488105747157e-02
7.899999999999998690e-02 1.505240311883713870e-02
7.966666666666666341e-02 1.520671875210572073e-02
8.033333333333333992e-02 1.535878424045027807e-02
8.099999999999998868e-02 1.550854305867031130e-02
8.166666666666666519e-02 1.565593970517242806e-02
8.233333333333334170e-02 1.580091970716255081e-02
8.299999999999999045e-02 1.594342962682857717e-02
8.366666666666666696e-02 1.608341706895748471e-02
8.433333333333334347e-02 1.622083068468778422e-02
8.499999999999999223e-02 1.635562017968230156e-02
8.566666666666666874e-02 1.648773631746170212e-02
8.633333333333334525e-02 1.661713092758202587e-02
8.699999999999999400e-02 1.674375690785446028e-02
8.766666666666667052e-02 1.686756823255123466e-02
8.833333333333333315e-02 1.698851995577229171e-02
8.899999999999999578e-02 1.710656821787560899e-02
8.966666666666667229e-02 1.722167024912891337e-02
9.033333333333333492e-02 1.733378437614407214e-02
9.099999999999999756e-02 1.744287002611032492e-02
9.166666666666667407e-02 1.754888773126228596e-02
9.233333333333333670e-02 1.765179913407901452e-02
9.299999999999999933e-02 1.775156699333418561e-02
9.366666666666667584e-02 1.784815518672543122e-02
9.433333333333332460e-02 1.794152871748452838e-02
9.500000000000000111e-02 1.803165371737187536e-02
9.566666666666667762e-02 1.811849745387193733e-02
9.633333333333332638e-02 1.820202833258598857e-02
9.700000000000000289e-02 1.828221590265867794e-02
9.766666666666667940e-02 1.835903086401742546e-02
9.833333333333332815e-02 1.843244506646422171e-02
9.900000000000000466e-02 1.850243152041939135e-02
9.966666666666666730e-02 1.856896439816533781e-02
1.003333333333333299e-01 1.863201904045291846e-02
1.010000000000000064e-01 1.869157195961518650e-02
1.016666666666666691e-01 1.874760084517379868e-02
1.023333333333333317e-01 1.880008456944158232e-02
1.030000000000000082e-01 1.884900319060715812e-02
1.036666666666666570e-01 1.889433795930305776e-02
1.043333333333333335e-01 1.893607132195766068e-02
1.050000000000000100e-01 1.897418692657234715e-02
1.056666666666666587e-01 1.900866962687860345e-02
1.063333333333333353e-01 1.903950548736918491e-02
1.070000000000000118e-01 1.906668178824801746e-02
1.076666666666666605e-01 1.909018702995671224e-02
1.083333333333333370e-01 1.911001093853635993e-02
1.089999999999999997e-01 1.912614446914302421e-02
1.096666666666666623e-01 1.913857981086479129e-02
1.103333333333333388e-01 1.914731039335046403e-02
1.110000000000000014e-01 1.915233088903288763e-02
1.116666666666666641e-01 1.915363721793898744e-02
1.123333333333333406e-01 1.915122655421286693e-02
1.129999999999999893e-01 1.914509732831422284e-02
1.136666666666666659e-01 1.913524923226104027e-02
1.143333333333333424e-01 1.912168322392362313e-02
1.149999999999999911e-01 1.910440153048130474e-02
1.156666666666666676e-01 1.908340765482300500e-02
1.163333333333333441e-01 1.905870637594736169e-02
1.169999999999999929e-01 1.903030375647155742e-02
1.176666666666666694e-01 1.899820714271791694e-02
1.183333333333333320e-01 1.896242517249205339e-02
1.189999999999999947e-01 1.892296777492417925e-02
1.196666666666666712e-01 1.887984617592146017e-02
1.203333333333333338e-01 1.883307290073636328e-02
1.209999999999999964e-01 1.878266177707419923e-02
1.216666666666666730e-01 1.872862793746977658e-02
1.223333333333333356e-01 1.867098782310383162e-02
1.229999999999999982e-01 1.860975918527687720e-02
1.236666666666666747e-01 1.854496108822643527e-02
1.243333333333333235e-01 1.847661391065803793e-02
1.250000000000000000e-01 1.840473934881368262e-02
1.256666666666666488e-01 1.832936041657720963e-02
1.263333333333333253e-01 1.825050144765451299e-02
1.270000000000000018e-01 1.816818809758558029e-02
1.276666666666666505e-01 1.808244734268446216e-02
1.283333333333333270e-01 1.799330748247086886e-02
1.290000000000000036e-01 1.790079813942481793e-02
1.296666666666666523e-01 1.780495029538248231e-02
1.303333333333333288e-01 1.770579611694441877e-02
1.310000000000000053e-01 1.760336928898958986e-02
1.316666666666666541e-01 1.749770469401826234e-02
1.323333333333333306e-01 1.738883856531386538e-02
1.330000000000000071e-01 1.727680845313044056e-02
1.336666666666666559e-01 1.716165322760505874e-02
1.343333333333333046e-01 1.704341307178878356e-02
1.350000000000000089e-01 1.692212948347391818e-02
1.356666666666666576e-01 1.679784526861043820e-02
1.363333333333333064e-01 1.667060454138884554e-02
1.370000000000000107e-01 1.654045271837008627e-02
1.376666666666666594e-01 1.640743651673043021e-02
1.383333333333333082e-01 1.627160394786811640e-02
1.390000000000000124e-01 1.613300431358985140e-02
1.396666666666666612e-01 1.599168820333689983e-02
1.403333333333333099e-01 1.584770748383812836e-02
1.410000000000000142e-01 1.570111529830525710e-02
1.416666666666666630e-01 1.555196605766730363e-02
1.423333333333333117e-01 1.540031543374869444e-02
1.429999999999999882e-01 1.524622035406418726e-02
1.436666666666666647e-01 1.508973899203682259e-02
1.443333333333333135e-01 1.493093076227897283e-02
1.449999999999999900e-01 1.476985630807993444e-02
1.456666666666666665e-01 1.460657749644148247e-02
1.463333333333333153e-01 1.444115740860517187e-02
1.469999999999999640e-01 1.427366032726589025e-02
1.476666666666666683e-01 1.410415173079640309e-02
1.483333333333333171e-01 1.393269828028216584e-02
1.489999999999999658e-01 1.375936780989993335e-02
1.496666666666666701e-01 1.358422931500259667e-02
1.503333333333333188e-01 1.340735294052504932e-02
1.509999999999999676e-01 1.322880996987686394e-02
1.516666666666666718e-01 1.304867281135855227e-02
1.523333333333333206e-01 1.286701498610073359e-02
1.529999999999999694e-01 1.268391111324704626e-02
1.536666666666666736e-01 1.249943689912169122e-02
1.543333333333333224e-01 1.231366911999163226e-02
1.549999999999999711e-01 1.212668560900531482e-02
1.556666666666666476e-01 1.193856524214228186e-02
1.563333333333333242e-01 1.174938792027400113e-02
1.569999999999999729e-01 1.155923455653693963e-02
1.576666666666666494e-01 1.136818705853495821e-02
1.583333333333333259e-01 1.117632831074366444e-02
1.589999999999999747e-01 1.098374216135148372e-02
1.596666666666666512e-01 1.079051340047090107e-02
1.603333333333333277e-01 1.059672774595042839e-02
1.609999999999999765e-01 1.040247182450792542e-02
1.616666666666666530e-01 1.020783315228874187e-02
1.623333333333333295e-01 1.001290011840780259e-02
1.629999999999999782e-01 9.817761963699848590e-03
1.636666666666666548e-01 9.622508763568864490e-03
1.643333333333333313e-01 9.427231407619619807e-03
1.649999999999999800e-01 9.232021579148380272e-03
1.656666666666666565e-01 9.036971735307460299e-03
1.663333333333333330e-01 8.842175088558751339e-03
1.669999999999999818e-01 8.647725583337038599e-03
1.676666666666666305e-01 8.453717875779233337e-03
1.683333333333333348e-01 8.260247315534846591e-03
1.689999999999999836e-01 8.067409919030391063e-03
1.696666666666666323e-01 7.875302352823678950e-03
1.703333333333333366e-01 7.684021909249934973e-03
1.709999999999999853e-01 7.493666486034547200e-03
1.716666666666666341e-01 7.304334560920984140e-03
1.723333333333333384e-01 7.116125174723255016e-03
1.729999999999999871e-01 6.929137903933693665e-03
1.736666666666666359e-01 6.743472839958042711e-03
1.743333333333333401e-01 6.559230568672246540e-03
1.749999999999999889e-01 6.376512143168647923e-03
1.756666666666666377e-01 6.195419064430163214e-03
1.763333333333333142e-01 6.016053257504950895e-03
1.769999999999999907e-01 5.838517048070728487e-03
1.776666666666666394e-01 5.662913138966879124e-03
1.783333333333333159e-01 5.489344589962338698e-03
1.789999999999999925e-01 5.317914789884433009e-03
1.796666666666666412e-01 5.148727438345926909e-03
1.812470862470862421e-01 4.758613528976044470e-03
1.837412587412587395e-01 4.171153767827063576e-03
1.862354312354312369e-01 3.625503643799691048e-03
1.887296037296037343e-01 3.127184992485939653e-03
1.912237762237762317e-01 2.681728059160856312e-03
1.937179487179487014e-01 2.294656072626296422e-03
1.962121212121211988e-01 1.971470595947536018e-03
1.987062937062936963e-01 1.717637820302677504e-03
2.012004662004661937e-01 1.538575955131755730e-03
2.036946386946386911e-01 1.439643867629653668e-03
2.061888111888111885e-01 1.426131111985224232e-03
2.086829836829836859e-01 1.503249478722705045e-03
2.111771561771561556e-01 1.676126189136456284e-03
2.136713286713286530e-01 1.949798842416366248e-03
2.161655011655011505e-01 2.329212219461947522e-03
2.186596736596736479e-01 2.819217030916285321e-03
2.211538461538461453e-01 3.424570691084586303e-03
2.236480186480186427e-01 4.149940186123367118e-03
2.261421911421911402e-01 4.999907101450750194e-03
2.286363636363636376e-01 5.978974858079671301e-03
2.311305361305361350e-01 7.091578206103816596e-03
2.336247086247086324e-01 8.342095016825529577e-03
2.361188811188811298e-01 9.734860410652320870e-03
2.386130536130536273e-01 1.127418325547781958e-02
2.411072261072261247e-01 1.296436504026851275e-02
2.436013986013985944e-01 1.480972122584814886e-02
2.460955710955710918e-01 1.681460498607034726e-02
2.485897435897435892e-01 1.898343346921285008e-02
2.510839160839161144e-01 2.132071654737544009e-02
2.535780885780886118e-01 2.383108808969215675e-02
2.560722610722610537e-01 2.651933977588545252e-02
2.585664335664335511e-01 2.939045745792159478e-02
2.610606060606060486e-01 3.244966006632510336e-02
2.635547785547785460e-01 3.570244103999535568e-02
2.660489510489510434e-01 3.915461223231229276e-02
2.685431235431235408e-01 4.281235021103523691e-02
2.710372960372960383e-01 4.668224481476750121e-02
2.735314685314685357e-01 5.077134976912731773e-02
2.760256410256410331e-01 5.508723506569702250e-02
2.785198135198135305e-01 5.963804069799053670e-02
2.810139860139860279e-01 6.443253118699764082e-02
2.835081585081585254e-01 6.948015013918561189e-02
2.860023310023310228e-01 7.479107382310577756e-02
2.884965034965034647e-01 8.037626243976403462e-02
2.909906759906759621e-01 8.624750736374352245e-02
2.934848484848484595e-01 9.241747214591092274e-02
2.959790209790209570e-01 9.889972446753277080e-02
2.984731934731934544e-01 1.057087555049279343e-01
3.009673659673659518e-01 1.128599822950062809e-01
3.034615384615384492e-01 1.203697276492538132e-01
3.059557109557109467e-01 1.282551709607442081e-01
3.084498834498834441e-01 1.365342618738712432e-01
3.109440559440559415e-01 1.452255872476919396e-01
3.134382284382284389e-01 1.543481802137809944e-01
3.159324009324009364e-01 1.639212584529101124e-01
3.184265734265734338e-01 1.739638772618450624e-01
3.209207459207459312e-01 1.844944817413427252e-01
3.234149184149184286e-01 1.955303418500772272e-01
3.259090909090909260e-01 2.070868544498145059e-01
3.284032634032634235e-01 2.191766986835939346e-01
3.308974358974359209e-01 2.318088352089932302e-01
3.333916083916084183e-01 2.449873474204264379e-01
3.358857808857809157e-01 2.587101341707095381e-01
3.383799533799534132e-01 2.729674794877471888e-01
3.408741258741259106e-01 2.877405458447848119e-01
3.433682983682984080e-01 3.029998632199266684e-01
3.458624708624709054e-01 3.187039151433910256e-01
3.483566433566434029e-01 3.347979523018204118e-01
3.508508158508159003e-01 3.512131894293739620e-01
3.533449883449883422e-01 3.678665558659054424e-01
3.558391608391608396e-01 3.846611669581939119e-01
3.583333333333333370e-01 4.014876554208153259e-01
3.608275058275058345e-01 4.182264442518316971e-01
3.633216783216783319e-01 4.347509561092026131e-01
3.658158508158508293e-01 4.509316454426564036e-01
3.683100233100233267e-01 4.666406238941278595e-01
3.708041958041958241e-01 4.817565471974243341e-01
3.732983682983682661e-01 4.961693651663902083e-01
3.757925407925407635e-01 5.097845231504595231e-01
3.782867132867132609e-01 5.225262510596113685e-01
3.807808857808857583e-01 5.343396787836096617e-01
3.832750582750582558e-01 5.451916559462394174e-01
3.857692307692307532e-01 5.550703030082655420e-01
3.882634032634032506e-01 5.639834531757814684e-01
3.907575757575757480e-01 5.719562388302070755e-01
3.932517482517482454e-01 5.790281241238525167e-01
3.957459207459207429e-01 5.852496856019732130e-01
3.982400932400932403e-01 5.906794071752892172e-01
4.007342657342657377e-01 5.953806968817331180e-01
4.032284382284382351e-01 5.994192655989293295e-01
4.057226107226107326e-01 6.028609434444294202e-01
4.082167832167832300e-01 6.057699555519687751e-01
4.107109557109557274e-01 6.082076386351684683e-01
4.132051282051282248e-01 6.102315535013411729e-01
4.156993006993007223e-01 6.118949346675175427e-01
4.181934731934732197e-01 6.132464137155613226e-01
4.206876456876457171e-01 6.143299551036713879e-01
4.231818181818182145e-01 6.151849492628992389e-01
4.256759906759907119e-01 6.158464158059835380e-01
4.281701631701632094e-01 6.163452785799038436e-01
4.306643356643357068e-01 6.167086820643460365e-01
4.331585081585081487e-01 6.169603264963499090e-01
4.356526806526806461e-01 6.171208049417129526e-01
4.381468531468531435e-01 6.172079307586003649e-01
4.406410256410256410e-01 6.172370478362133595e-01
4.431351981351981384e-01 6.172213190217152867e-01
4.456293706293706358e-01 6.171719903872803226e-01
4.481235431235431332e-01 6.170986305959396123e-01
4.506177156177156307e-01 6.170093457226455413e-01
4.531118881118881281e-01 6.169109706175790464e-01
4.556060606060606255e-01 6.168092383377861143e-01
4.581002331002331229e-01 6.167089294092491514e-01
4.605944055944056204e-01 6.166140027788155065e-01
4.630885780885781178e-01 6.165277103042670070e-01
4.655827505827506152e-01 6.164526965647058043e-01
4.680769230769231126e-01 6.163910856651971804e-01
4.705710955710956100e-01 6.163445565708014495e-01
4.730652680652681075e-01 6.163144083794046546e-01
4.755594405594405494e-01 6.163016167844707072e-01
4.780536130536130468e-01 6.163068828593696313e-01
4.805477855477855442e-01 6.163306751537517281e-01
4.830419580419580416e-01 6.163732659834469940e-01
4.855361305361305391e-01 6.164347626833274196e-01
4.880303030303030365e-01 6.165151344950526857e-01
4.905244755244755339e-01 6.166142357117119221e-01
4.930186480186480313e-01 6.167318253575521103e-01
4.955128205128205288e-01 6.168675845776701028e-01
4.980069930069930262e-01 6.170211308352024915e-01
5.005011655011655236e-01 6.171920306158401592e-01
5.029953379953380210e-01 6.173798100551070034e-01
5.054895104895105185e-01 6.175839640482694293e-01
5.079836829836830159e-01 6.178039640114084685e-01
5.104778554778555133e-01 6.180392644806409486e-01
5.129720279720280107e-01 6.182893087084133654e-01
5.154662004662005081e-01 6.185535333990647144e-01
5.179603729603730056e-01 6.188313726970032791e-01
5.204545454545455030e-01 6.191222615404613494e-01
5.229487179487180004e-01 6.194256384607415011e-01
5.254428904428903868e-01 6.197409479120545850e-01
5.279370629370628842e-01 6.200676421906778923e-01
5.304312354312353817e-01 6.204051830089061248e-01
5.329254079254078791e-01 6.207530427667173889e-01
5.354195804195803765e-01 6.211107055695603840e-01
5.379137529137528739e-01 6.214776680231832717e-01
5.404079254079253714e-01 6.218534398440863642e-01
5.429020979020978688e-01 6.222375443079452007e-01
5.453962703962703662e-01 6.226295185620609463e-01
5.478904428904428636e-01 6.230289138234763602e-01
5.503846153846153610e-01 6.234352954760739030e-01
5.528787878787878585e-01 6.238482430900164077e-01
5.553729603729603559e-01 6.242673503653414224e-01
5.578671328671328533e-01 6.246922250233379881e-01
5.603613053613053507e-01 6.251224886475528209e-01
5.628554778554778482e-01 6.255577764815548614e-01
5.653496503496503456e-01 6.259977372020720798e-01
5.678438228438228430e-01 6.264420326567479158e-01
5.703379953379953404e-01 6.268903375881752504e-01
5.728321678321678379e-01 6.273423393375789914e-01
5.753263403263403353e-01 6.277977375381592617e-01
5.778205128205128327e-01 6.282562437972912806e-01
5.803146853146853301e-01 6.287175813757741594e-01
5.828088578088578275e-01 6.291814848846741803e-01
5.853030303030303250e-01 6.296476998188452745e-01
5.877972027972028224e-01 6.301159825447653073e-01
5.902913752913753198e-01 6.305860996094087012e-01
5.927855477855478172e-01 6.310578276330520708e-01
5.952797202797203147e-01 6.315309529368976493e-01
5.977738927738928121e-01 6.320052712247125060e-01
6.002680652680653095e-01 6.324805872783803018e-01
6.027622377622378069e-01 6.329567146491504870e-01
6.052564102564103043e-01 6.334334753634277559e-01
6.077505827505828018e-01 6.339106996305068353e-01
6.102447552447552992e-01 6.343882255587121044e-01
6.127389277389277966e-01 6.348658988784101620e-01
6.152331002331002940e-01 6.353435726731451183e-01
6.177272727272727915e-01 6.358211071154666882e-01
6.202214452214452889e-01 6.362983692138691749e-01
6.227156177156177863e-01 6.367752325625617438e-01
6.252097902097902837e-01 6.372515771034922283e-01
6.277039627039627812e-01 6.377272888912274285e-01
6.301981351981352786e-01 6.382022598428039872e-01
6.326923076923077760e-01 6.386763876173178200e-01
6.351864801864802734e-01 6.391495752347016168e-01
6.376806526806527708e-01 6.396217310168198500e-01
6.401748251748252683e-01 6.400927683238084587e-01
6.426689976689977657e-01 6.405626053720666624e-01
6.451631701631702631e-01 6.410311650472508838e-01
6.476573426573427605e-01 6.414983747246799650e-01
6.501515151515152580e-01 6.419641660960464513e-01
6.526456876456877554e-01 6.424284749913056203e-01
6.551398601398602528e-01 6.428912412369258700e-01
6.576340326340327502e-01 6.433524084706633284e-01
6.601282051282051366e-01 6.438119240088723272e-01
6.626223776223776341e-01 6.442697386914753022e-01
6.651165501165501315e-01 6.447258067402548143e-01
6.676107226107226289e-01 6.451800856220881730e-01
6.701048951048951263e-01 6.456325359143419984e-01
6.725990675990676237e-01 6.460831211777766647e-01
6.750932400932401212e-01 6.465318078357680243e-01
6.775874125874126186e-01 6.469785650336535854e-01
6.800815850815851160e-01 6.474233645648515001e-01
6.825757575757576134e-01 6.478661807146013363e-01
6.850699300699299998e-01 6.483069901749658470e-01
6.875641025641024973e-01 6.487457719370192111e-01
6.900582750582749947e-01 6.491825071872633357e-01
6.925524475524474921e-01 6.496171792108541565e-01
6.950466200466199895e-01 6.500497732979874099e-01
6.975407925407924870e-01 6.504802766520972890e-01
7.000349650349649844e-01 6.509086783015850530e-01
7.025291375291374818e-01 6.513349690153318328e-01
7.050233100233099792e-01 6.517591412210147483e-01
7.075174825174824766e-01 6.521811889238279258e-01
7.100116550116549741e-01 6.526011076318425363e-01
7.125058275058274715e-01 6.530188942807948482e-01
7.149999999999999689e-01 6.534345471629794400e-01
7.174941724941724663e-01 6.538480658546296231e-01
7.199883449883449638e-01 6.542594511682560121e-01
7.224825174825174612e-01 6.546687050481426740e-01
7.249766899766899586e-01 6.550758305494330802e-01
7.274708624708624560e-01 6.554808317562854647e-01
7.299650349650349535e-01 6.558837137289542651e-01
7.324592074592074509e-01 6.562844824479193706e-01
7.349533799533799483e-01 6.566831447589098758e-01
7.374475524475524457e-01 6.570797083210995204e-01
7.399417249417249431e-01 6.574741815569384862e-01
7.424358974358974406e-01 6.578665736035620437e-01
7.449300699300699380e-01 6.582568942652600175e-01
7.474242424242424354e-01 6.586451539687142587e-01
7.499184149184149328e-01 6.590313637198652597e-01
7.524125874125874303e-01 6.594155350602061150e-01
7.549067599067599277e-01 6.597976800279127252e-01
7.574009324009324251e-01 6.601778111183058684e-01
7.598951048951049225e-01 6.605559412453986257e-01
7.623892773892774199e-01 6.609320837058983988e-01
7.648834498834499174e-01 6.613062521458826781e-01
7.673776223776224148e-01 6.616784605244017126e-01
7.698717948717949122e-01 6.620487230829313896e-01
7.723659673659674096e-01 6.624170543133358624e-01
7.748601398601399071e-01 6.627834689323065520e-01
7.773543123543124045e-01 6.631479818415489946e-01
7.798484848484849019e-01 6.635106081138890666e-01
7.823426573426573993e-01 6.638713629562698060e-01
7.848368298368298968e-01 6.642302616912174607e-01
7.873310023310023942e-01 6.645873197269613897e-01
7.898251748251748916e-01 6.649425525390104674e-01
7.923193473193473890e-01 6.652959756433431959e-01
7.948135198135198864e-01 6.656476045783833451e-01
7.973076923076923839e-01 6.659974548829767915e-01
7.998018648018648813e-01 6.663455420767521176e-01
8.022960372960373787e-01 6.666918816422989780e-01
8.047902097902098761e-01 6.670364890061147856e-01
8.072843822843823736e-01 6.673793795239167936e-01
8.097785547785548710e-01 6.677205684610976189e-01
8.122727272727273684e-01 6.680600709813258042e-01
8.147668997668998658e-01 6.683979021286804434e-01
8.172610722610723633e-01 6.687340767938017017e-01
8.197552447552448607e-01 6.690686098077537336e-01
8.222494172494173581e-01 6.694015157204643574e-01
8.247435897435898555e-01 6.697328089928640260e-01
8.272377622377623529e-01 6.700625038860379412e-01
8.297319347319348504e-01 6.703906144732351136e-01
8.322261072261073478e-01 6.707171546250769723e-01
8.347202797202798452e-01 6.710421380066041719e-01
8.372144522144523426e-01 6.713655780642777682e-01
8.397086247086248401e-01 6.716874880198886455e-01
8.422027972027973375e-01 6.720078808642507839e-01
8.446969696969698349e-01 6.723267693496751685e-01
8.471911421911423323e-01 6.726441659834870856e-01
8.496853146853148298e-01 6.729600830241415643e-01
8.521794871794873272e-01 6.732745324731771452e-01
8.546736596736598246e-01 6.735875260758806826e-01
8.571678321678323220e-01 6.738990753109890264e-01
8.596620046620048194e-01 6.742091913926427926e-01
8.621561771561773169e-01 6.745178852634694522e-01
8.646503496503497033e-01 6.748251675941285832e-01
8.671445221445220897e-01 6.751310487806191363e-01
8.696386946386945871e-01 6.754355389424081535e-01
8.721328671328670845e-01 6.757386479201695773e-01
8.746270396270395819e-01 6.760403852761520671e-01
8.771212121212120794e-01 6.763407602934643492e-01
8.796153846153845768e-01 6.766397819748806164e-01
8.821095571095570742e-01 6.769374590429727556e-01
8.846037296037295716e-01 6.772337999425790400e-01
8.870979020979020691e-01 6.775288128369966190e-01
8.895920745920745665e-01 6.778225056149870253e-01
8.920862470862470639e-01 6.781148858820288394e-01
8.945804195804195613e-01 6.784059609906339938e-01
8.970745920745920587e-01 6.786957379912142985e-01
8.995687645687645562e-01 6.789842236771425066e-01
9.020629370629370536e-01 6.792714245791661165e-01
9.045571095571095510e-01 6.795573469554347934e-01
9.070512820512820484e-01 6.798419968026050419e-01
9.095454545454545459e-01 6.801253798725878097e-01
9.120396270396270433e-01 6.804075015978615637e-01
9.145337995337995407e-01 6.806883672672630059e-01
9.170279720279720381e-01 6.809679818343791213e-01
9.195221445221445356e-01 6.812463500324262844e-01
9.220163170163170330e-01 6.815234763557139752e-01
9.245104895104895304e-01 6.817993650587957921e-01
9.270046620046620278e-01 6.820740201649624357e-01
9.294988344988345252e-01 6.823474454679288037e-01
9.319930069930070227e-01 6.826196445378615030e-01
9.344871794871795201e-01 6.828906207242175785e-01
9.369813519813520175e-01 6.831603771640594180e-01
9.394755244755245149e-01 6.834289167878100368e-01
9.419696969696970124e-01 6.836962423016897938e-01
9.444638694638695098e-01 6.839623562389643974e-01
9.469580419580420072e-01 6.842272609205838352e-01
9.494522144522145046e-01 6.844909584834278915e-01
9.519463869463870020e-01 6.847534508765951156e-01
9.544405594405594995e-01 6.850147398727405301e-01
9.569347319347319969e-01 6.852748270675024234e-01
9.594289044289044943e-01 6.855337138890826854e-01
9.619230769230769917e-01 6.857914016014229341e-01
9.644172494172494892e-01 6.860478913086531794e-01
9.669114219114219866e-01 6.863031839635006515e-01
9.694055944055944840e-01 6.865572803701940341e-01
9.718997668997669814e-01 6.868101811900000353e-01
9.743939393939394789e-01 6.870618869463348544e-01
9.768881118881119763e-01 6.873123980250455123e-01
9.793822843822844737e-01 6.875617147072579094e-01
9.818764568764569711e-01 6.878098371215224383e-01
9.843706293706294685e-01 6.880567652987312766e-01
9.868648018648019660e-01 6.883024991553871041e-01
9.893589743589744634e-01 6.885470385005741933e-01
9.918531468531469608e-01 6.887903830424653151e-01
9.943473193473194582e-01 6.890325323935843072e-01
9.968414918414919557e-01 6.892734860751356107e-01
9.993356643356644531e-01 6.895132435222894873e-01
1.001829836829836839e+00 6.897518040881941426e-01
1.004324009324009559e+00 6.899891670507850572e-01
1.006818181818181834e+00 6.902253316157579421e-01
1.009312354312354554e+00 6.904602969211451891e-01
1.011806526806526829e+00 6.906940620431074596e-01
1.014300699300699549e+00 6.909266259992878911e-01
1.016794871794871824e+00 6.911579877546158990e-01
1.019289044289044543e+00 6.913881462241778797e-01
1.021783216783216819e+00 6.916171002786875022e-01
1.024277389277389538e+00 6.918448487473131125e-01
1.026771561771561814e+00 6.920713904241988512e-01
1.029265734265734533e+00 6.922967240694377633e-01
1.031759906759906809e+00 6.925208484154471433e-01
1.034254079254079528e+00 6.927437621701640902e-01
1.036748251748251803e+00 6.929654640182066894e-01
1.039242424242424523e+00 6.931859526366312974e-01
1.041736596736596798e+00 6.934052266673400577e-01
1.044230769230769518e+00 6.936232847683734271e-01
1.046724941724941793e+00 6.938401255747264074e-01
1.049219114219114068e+00 6.940557477213914472e-01
1.051713286713286788e+00 6.942701498448181630e-01
1.054207459207459063e+00 6.944833305828507219e-01
1.056701631701631783e+00 6.946952885821010559e-01
1.059195804195804058e+00 6.949060224940396546e-01
1.061689976689976778e+00 6.951155309850675090e-01
1.064184149184149053e+00 6.953238127359895326e-01
1.066678321678321772e+00 6.955308664439577848e-01
1.069172494172494048e+00 6.957366908272667461e-01
1.071666666666666767e+00 6.959412846251058493e-01
1.074160839160839043e+00 6.961446466034508784e-01
1.076655011655011762e+00 6.963467755534328285e-01
1.079149184149184038e+00 6.965476702979220835e-01
1.081643356643356757e+00 6.967473296887828349e-01
1.084137529137529032e+00 6.969457526142995851e-01
1.086631701631701752e+00 6.971429379961531225e-01
1.089125874125874027e+00 6.973388847950728886e-01
1.091620046620046747e+00 6.975335920098000297e-01
1.094114219114219022e+00 6.977270586818123954e-01
1.096608391608391742e+00 6.979192838939752841e-01
1.099102564102564017e+00 6.981102667741697632e-01
1.101596736596736736e+00 6.983000064952827879e-01
1.104090909090909012e+00 6.984885022794738996e-01
1.106585081585081731e+00 6.986757533944387699e-01
1.109079254079254007e+00 6.988617591610654101e-01
1.111573426573426726e+00 6.990465189481610553e-01
1.114067599067599001e+00 6.992300321786331097e-01
1.116561771561771721e+00 6.994122983288106887e-01
1.119055944055943996e+00 6.995933169276835617e-01
1.121550116550116716e+00 6.997730875614889268e-01
1.124044289044288991e+00 6.999516098692873944e-01
1.126538461538461711e+00 7.001288835507490926e-01
1.129032634032633986e+00 7.003049083607915115e-01
1.131526806526806705e+00 7.004796841123376305e-01
1.134020979020978981e+00 7.006532106782754621e-01
1.136515151515151700e+00 7.008254879897868328e-01
1.139009324009323976e+00 7.009965160387076066e-01
1.141503496503496695e+00 7.011662948763762726e-01
1.143997668997668971e+00 7.013348246156598798e-01
1.146491841491841690e+00 7.015021054296796121e-01
1.148986013986013965e+00 7.016681375526839792e-01
1.151480186480186685e+00 7.018329212810566764e-01
1.153974358974358960e+00 7.019964569724765902e-01
1.156468531468531680e+00 7.021587450465809344e-01
1.158962703962703955e+00 7.023197859845964341e-01
1.161456876456876675e+00 7.024795803300291075e-01
1.163951048951048950e+00 7.026381286881842048e-01
1.166445221445221669e+00 7.027954317258692241e-01
1.168939393939393945e+00 7.029514901732013543e-01
1.171433566433566664e+00 7.031063048202987886e-01
1.173927738927738940e+00 7.032598765193730506e-01
1.176421911421911659e+00 7.034122061843266493e-01
1.178916083916083934e+00 7.035632947904673085e-01
1.181410256410256654e+00 7.037131433733134767e-01
1.183904428904428929e+00 7.038617530295190328e-01
1.186398601398601205e+00 7.040091249162270248e-01
1.188892773892773924e+00 7.041552602495074753e-01
1.191386946386946200e+00 7.043001603069660721e-01
1.193881118881118919e+00 7.044438264235440839e-01
1.196375291375291194e+00 7.045862599944585636e-01
1.198869463869463914e+00 7.047274624717084768e-01
1.201363636363636189e+00 7.048674353668322734e-01
1.203857808857808909e+00 7.050061802483119644e-01
1.206351981351981184e+00 7.051436987405091950e-01
1.208846153846153904e+00 7.052799925258574909e-01
1.211340326340326179e+00 7.054150633407361148e-01
1.213834498834498898e+00 7.055489129788076186e-01
1.216328671328671174e+00 7.056815432868610571e-01
1.218822843822843893e+00 7.058129561665057450e-01
1.221317016317016169e+00 7.059431535722798801e-01
1.223811188811188888e+00 7.060721375122338550e-01
1.226305361305361163e+00 7.061999100468953072e-01
1.228799533799533883e+00 7.063264732860579098e-01
1.231293706293706158e+00 7.064518293946427940e-01
1.233787878787878878e+00 7.065759805827213080e-01
1.236282051282051153e+00 7.066989291140017837e-01
1.238776223776223873e+00 7.068206772991120213e-01
1.241270396270396148e+00 7.069412274968362997e-01
1.243764568764568867e+00 7.070605821140388825e-01
1.246258741258741143e+00 7.071787436037576535e-01
1.248752913752913862e+00 7.072957144655264150e-01
