# n_mid_fm^-3 cs2_over_c2; frozen 20260908 uniform beta-equilibrated npe core
1.617304270635850499e-03 8.020072744798210137e-04
1.678704124599932415e-03 8.098575754379681987e-04
1.742434982157621895e-03 8.175403220848147202e-04
1.808585338271084027e-03 8.250446210470801199e-04
1.877247047553385999e-03 8.323595452287171730e-04
1.948515451815352548e-03 8.394741775718559751e-04
2.022489512454654376e-03 8.463776565668423889e-04
2.099271947870953378e-03 8.530592269831361501e-04
2.178969376097920387e-03 8.595082975840366612e-04
2.261692462850185305e-03 8.657145028950160616e-04
2.347556075190780460e-03 8.716677761849375185e-04
2.436679441032471582e-03 8.773584225855566741e-04
2.529186314694439885e-03 8.827772028940400646e-04
2.625205148744223782e-03 8.879154271918045802e-04
2.724869272363509339e-03 8.927650545613269274e-04
2.828317076485459790e-03 8.973188023583139345e-04
2.935692205960663617e-03 9.015702669106693233e-04
3.047143759018525536e-03 9.055140486474891988e-04
3.162826494301073689e-03 9.091458998205654814e-04
3.282901045756665345e-03 9.124628721384443145e-04
3.407534145691991714e-03 9.154634837397831884e-04
3.536898856292089444e-03 9.181478974099614634e-04
3.671174809929855093e-03 9.205181154731022697e-04
3.810548458598750961e-03 9.225781842782208994e-04
3.955213332815051518e-03 9.243344211958015068e-04
4.105370310349127153e-03 9.257956542880271681e-04
4.261227895158946344e-03 9.269734797697760887e-04
4.423002506913090159e-03 9.278825402315913316e-04
4.590918781505290425e-03 9.285408209394115531e-04
4.765209882977841302e-03 9.289699668494045496e-04
4.946117827286926338e-03 9.291956205434219419e-04
5.133893818359503911e-03 9.292477844367888701e-04
5.328798596908343108e-03 9.291612034434370811e-04
5.531102802489608165e-03 9.289757740948590293e-04
5.741087349305692630e-03 9.287369766318553498e-04
5.959043816275148842e-03 9.284963348676217049e-04
6.185274851911383605e-03 9.283119012824562425e-04
6.420094594572269345e-03 9.282487667283535575e-04
6.663829108664260335e-03 9.283796020087476579e-04
6.916816837406679699e-03 9.287852227078013164e-04
7.179409072784935508e-03 9.295551857939396813e-04
7.451970443345149256e-03 9.307884072976103451e-04
7.734879420507593216e-03 9.325938147560278429e-04
8.028528844101975870e-03 9.350910205978059950e-04
8.333326467854288572e-03 9.384110215466349167e-04
8.649695525582739436e-03 9.426969250503138302e-04
8.978075318888884340e-03 9.481046916780994137e-04
9.318921827160070448e-03 9.548039032562792875e-04
9.672708340730185733e-03 9.629785425601997519e-04
1.003992611807797558e-02 9.728277875174614004e-04
1.042108506797538754e-02 9.845668133070901648e-04
1.081671445753323163e-02 9.984275964719519902e-04
1.122736364712734192e-02 1.014659715302745858e-03
1.165360285322566622e-02 1.033531140555738999e-03
1.209602394017558757e-02 1.055329003760968999e-03
1.255524124205089666e-02 1.080360338647220770e-03
1.303189241569965851e-02 1.108952781389857187e-03
1.352663932617742364e-02 1.141455215587617840e-03
1.404016896579531049e-02 1.178238353253947433e-03
1.457319440805913968e-02 1.219695227312463798e-03
1.512645579782422381e-02 1.266241588378377468e-03
1.570072137904067466e-02 1.318316174430176181e-03
1.629678856151637462e-02 1.376380841204439620e-03
1.691548502817890112e-02 1.440920524484812183e-03
1.755766988437387072e-02 1.512443008240458913e-03
1.822423485079559952e-02 1.591478474111748028e-03
1.891610550170660238e-02 1.678578796744392048e-03
1.963424255016521514e-02 1.774316558402898964e-03
2.033333333333333520e-02 1.872545354692260787e-03
2.099999999999999784e-02 1.970803089678348653e-03
2.166666666666666741e-02 2.073377774610437804e-03
2.233333333333333351e-02 2.180145439439724712e-03
2.299999999999999961e-02 2.290979744801056178e-03
2.366666666666666918e-02 2.405752559159471480e-03
2.433333333333333182e-02 2.524334464570839737e-03
2.500000000000000139e-02 2.646595202552731816e-03
2.566666666666666749e-02 2.772404063454880687e-03
2.633333333333333359e-02 2.901630232810870069e-03
2.699999999999999969e-02 3.034143095505665005e-03
2.766666666666666580e-02 3.169812507301559851e-03
2.833333333333333537e-02 3.308509033541886125e-03
2.899999999999999800e-02 3.450104163554046453e-03
2.966666666666666757e-02 3.594470498928397512e-03
3.033333333333333368e-02 3.741481922523888937e-03
3.099999999999999978e-02 3.891013747676024849e-03
3.166666666666666241e-02 4.042942851659412154e-03
3.233333333333333198e-02 4.197147793558525346e-03
3.300000000000000155e-02 4.353508918831636501e-03
3.366666666666666419e-02 4.511908451323352193e-03
3.433333333333333376e-02 4.672230575702649921e-03
3.500000000000000333e-02 4.834361508228354927e-03
3.566666666666666596e-02 4.998189559599491849e-03
3.633333333333333554e-02 5.163605189387051979e-03
3.699999999999999817e-02 5.330501052599381090e-03
3.766666666666666774e-02 5.498772039772554902e-03
3.833333333333333037e-02 5.668315310795153661e-03
3.899999999999999994e-02 5.839030322603967239e-03
3.966666666666666952e-02 6.010818834741231236e-03
4.033333333333333215e-02 6.183585018168596958e-03
4.100000000000000172e-02 6.357235274124906077e-03
4.166666666666666435e-02 6.531678451673520597e-03
4.233333333333333393e-02 6.706825740059414384e-03
4.299999999999999656e-02 6.882590695924166446e-03
4.366666666666666613e-02 7.058889240665327559e-03
4.433333333333333570e-02 7.235639656391726869e-03
4.499999999999999833e-02 7.412762579022453939e-03
4.566666666666666791e-02 7.590180986962735687e-03
4.633333333333333054e-02 7.767820190714818003e-03
4.700000000000000011e-02 7.945607815925542772e-03
4.766666666666666274e-02 8.123473790016108934e-03
4.833333333333333232e-02 8.301350320682042427e-03
4.900000000000000189e-02 8.479171876837233654e-03
4.966666666666666452e-02 8.656875168847513735e-03
5.033333333333333409e-02 8.834399121524758730e-03
5.099999999999999672e-02 9.011684852966191442e-03
5.166666666666666630e-02 9.188675647553714090e-03
5.233333333333333587e-02 9.365316928453298884e-03
5.299999999999999850e-02 9.541556230885097148e-03
5.366666666666666113e-02 9.717343173085061722e-03
5.433333333333333071e-02 9.892629425831148127e-03
5.500000000000000028e-02 1.006736868376066109e-02
5.566666666666666291e-02 1.024151663328921186e-02
5.633333333333333248e-02 1.041503092031933336e-02
5.700000000000000205e-02 1.058787111969473026e-02
5.766666666666666469e-02 1.075999870254611829e-02
5.833333333333333426e-02 1.093137700187239367e-02
5.900000000000000383e-02 1.110197118108878500e-02
5.966666666666666646e-02 1.127174819949435317e-02
6.033333333333332910e-02 1.144067677879711219e-02
6.099999999999999867e-02 1.160872736988722599e-02
6.166666666666666824e-02 1.177587211760047076e-02
6.233333333333333087e-02 1.194208482841611560e-02
6.300000000000000044e-02 1.210734093465491365e-02
6.366666666666667695e-02 1.227161746145557196e-02
6.433333333333332571e-02 1.243489299294866894e-02
6.500000000000000222e-02 1.259714763862014933e-02
6.566666666666666485e-02 1.275836299763084131e-02
6.633333333333332749e-02 1.291852212823257039e-02
6.700000000000000400e-02 1.307760951172551658e-02
6.766666666666666663e-02 1.323561102142541482e-02
6.833333333333332926e-02 1.339251388752834074e-02
6.900000000000000577e-02 1.354830666740696084e-02
6.966666666666665453e-02 1.370297920946284345e-02
7.033333333333333104e-02 1.385652262526344998e-02
7.100000000000000755e-02 1.400892925366109890e-02
7.166666666666665630e-02 1.416019263325116878e-02
7.233333333333333282e-02 1.431030746866421635e-02
7.300000000000000933e-02 1.445926960095281384e-02
7.366666666666665808e-02 1.460707597710753786e-02
7.433333333333333459e-02 1.475372462105649027e-02
7.499999999999999722e-02 1.489921460322684611e-02
7.566666666666665986e-02 1.504354601228763237e-02
7.633333333333333637e-02 1.518671992515286708e-02
7.699999999999999900e-02 1.532873838206003959e-02
7.766666666666666163e-02 1.546960435520209828e-02
7.833333333333333814e-02 1.560932172527077118e-02
7.899999999999998690e-02 1.574789525042375252e-02
7.966666666666666341e-02 1.588533054487678564e-02
8.033333333333333992e-02 1.602163404888842443e-02
8.099999999999998868e-02 1.615681300761389466e-02
8.166666666666666519e-02 1.629087544239734772e-02
8.233333333333334170e-02 1.642383012935929101e-02
8.299999999999999045e-02 1.655568657433377847e-02
8.366666666666666696e-02 1.668645499052679934e-02
8.433333333333334347e-02 1.681614627408120274e-02
8.499999999999999223e-02 1.694477198419561820e-02
8.566666666666666874e-02 1.707234431899505578e-02
8.633333333333334525e-02 1.719887609576638970e-02
8.699999999999999400e-02 1.732438073040670767e-02
8.766666666666667052e-02 1.744887221504490618e-02
8.833333333333333315e-02 1.757236510116279640e-02
8.899999999999999578e-02 1.769487447805289521e-02
8.966666666666667229e-02 1.781641595468627312e-02
9.033333333333333492e-02 1.793700564199361691e-02
9.099999999999999756e-02 1.805666013387863603e-02
9.166666666666667407e-02 1.817539649130454210e-02
9.233333333333333670e-02 1.829323222417710698e-02
9.299999999999999933e-02 1.841018527472735450e-02
9.366666666666667584e-02 1.852627400304040009e-02
9.433333333333332460e-02 1.864151717038088629e-02
9.500000000000000111e-02 1.875593392439868501e-02
9.566666666666667762e-02 1.886954378487914682e-02
9.633333333333332638e-02 1.898236662853611603e-02
9.700000000000000289e-02 1.909442267755247225e-02
9.766666666666667940e-02 1.920573248383084311e-02
9.833333333333332815e-02 1.931631691787743035e-02
9.900000000000000466e-02 1.942619715519043611e-02
9.966666666666666730e-02 1.953539466659182100e-02
1.003333333333333299e-01 1.964393120288049355e-02
1.010000000000000064e-01 1.975182878788508262e-02
1.016666666666666691e-01 1.985910970509481566e-02
1.023333333333333317e-01 1.996579648834318974e-02
1.030000000000000082e-01 2.007191191134076805e-02
1.036666666666666570e-01 2.017747897889531072e-02
1.043333333333333335e-01 2.028252091805909929e-02
1.050000000000000100e-01 2.038706116786569156e-02
1.056666666666666587e-01 2.049112337257924521e-02
1.063333333333333353e-01 2.059473137376232818e-02
1.070000000000000118e-01 2.069790920064119161e-02
1.076666666666666605e-01 2.080068106644094444e-02
1.083333333333333370e-01 2.090307135711154743e-02
1.089999999999999997e-01 2.100510462999386971e-02
1.096666666666666623e-01 2.110680560279882059e-02
1.103333333333333388e-01 2.120819915024316563e-02
1.110000000000000014e-01 2.130931030008472241e-02
1.116666666666666641e-01 2.141016422458662943e-02
1.123333333333333406e-01 2.151078623634535003e-02
1.129999999999999893e-01 2.161120178856658011e-02
1.136666666666666659e-01 2.171143646450884868e-02
1.143333333333333424e-01 2.181151597748560295e-02
1.149999999999999911e-01 2.191146616598377631e-02
1.156666666666666676e-01 2.201131299149925932e-02
1.163333333333333441e-01 2.211108253546641492e-02
1.169999999999999929e-01 2.221080099558661591e-02
1.176666666666666694e-01 2.231049468508588055e-02
1.183333333333333320e-01 2.241019002990401326e-02
1.189999999999999947e-01 2.250991356752514091e-02
1.196666666666666712e-01 2.260969194526943338e-02
1.203333333333333338e-01 2.270955191965283795e-02
1.209999999999999964e-01 2.280952035499749300e-02
1.216666666666666730e-01 2.290962422313604779e-02
1.223333333333333356e-01 2.300989060497336466e-02
1.229999999999999982e-01 2.311034668652101748e-02
1.236666666666666747e-01 2.321101976357970234e-02
1.243333333333333235e-01 2.331193723979351970e-02
1.250000000000000000e-01 2.341312662842721937e-02
1.256666666666666488e-01 2.351461555313024560e-02
1.263333333333333253e-01 2.361643174984824969e-02
1.270000000000000018e-01 2.371860306825306769e-02
1.276666666666666505e-01 2.382115747274378761e-02
1.283333333333333270e-01 2.392412304719205088e-02
1.290000000000000036e-01 2.402752799459642249e-02
1.296666666666666523e-01 2.413140064091030476e-02
1.303333333333333288e-01 2.423576943917361490e-02
1.310000000000000053e-01 2.434066297063637585e-02
1.316666666666666541e-01 2.444610994962693670e-02
1.323333333333333306e-01 2.455213922631349979e-02
1.330000000000000071e-01 2.465877979277023707e-02
1.336666666666666559e-01 2.476606078360889945e-02
1.343333333333333046e-01 2.487401148445645555e-02
1.350000000000000089e-01 2.498266133283538054e-02
1.356666666666666576e-01 2.509203992657002558e-02
1.363333333333333064e-01 2.520217702655129510e-02
1.370000000000000107e-01 2.531310256305895068e-02
1.376666666666666594e-01 2.542484664137380224e-02
1.383333333333333082e-01 2.553743954766756266e-02
1.390000000000000124e-01 2.565091175566029322e-02
1.396666666666666612e-01 2.576529393120212050e-02
1.403333333333333099e-01 2.588061694202269114e-02
1.410000000000000142e-01 2.599691186104776883e-02
1.416666666666666630e-01 2.611420997655067647e-02
1.423333333333333117e-01 2.623254279732079031e-02
1.429999999999999882e-01 2.635194206099652006e-02
1.436666666666666647e-01 2.647243974365150881e-02
1.443333333333333135e-01 2.659406806357146949e-02
1.449999999999999900e-01 2.671685949439500662e-02
1.456666666666666665e-01 2.684084677012250897e-02
1.463333333333333153e-01 2.696606289598591291e-02
1.469999999999999640e-01 2.709254115592863235e-02
1.476666666666666683e-01 2.722031512330432348e-02
1.483333333333333171e-01 2.734941866888766782e-02
1.489999999999999658e-01 2.747988597212486575e-02
1.496666666666666701e-01 2.761175152975721414e-02
1.503333333333333188e-01 2.774505016679514394e-02
1.509999999999999676e-01 2.787981704681750592e-02
1.516666666666666718e-01 2.801608768248324555e-02
1.523333333333333206e-01 2.815389794696252987e-02
1.529999999999999694e-01 2.829328408385293342e-02
1.536666666666666736e-01 2.843428272019420111e-02
1.543333333333333224e-01 2.857693087769831025e-02
1.549999999999999711e-01 2.872126598292847055e-02
1.556666666666666476e-01 2.886732588227205673e-02
1.563333333333333242e-01 2.901514885176088854e-02
1.569999999999999729e-01 2.916477361206197896e-02
1.576666666666666494e-01 2.931623933864186196e-02
1.583333333333333259e-01 2.946958567674813970e-02
1.589999999999999747e-01 2.962485275496447648e-02
1.596666666666666512e-01 2.978208119674442822e-02
1.603333333333333277e-01 2.994131213738817146e-02
1.609999999999999765e-01 3.010258723467730546e-02
1.616666666666666530e-01 3.026594868495224161e-02
1.623333333333333295e-01 3.043143923889786787e-02
1.629999999999999782e-01 3.059910221342639763e-02
1.636666666666666548e-01 3.076898150815887689e-02
1.643333333333333313e-01 3.094112162221187776e-02
1.649999999999999800e-01 3.111556766604907029e-02
1.656666666666666565e-01 3.129236538124761241e-02
1.663333333333333330e-01 3.147156115307726820e-02
1.669999999999999818e-01 3.165320202890697932e-02
1.676666666666666305e-01 3.183733573297526515e-02
1.683333333333333348e-01 3.202401068449550053e-02
1.689999999999999836e-01 3.221327601420051479e-02
1.696666666666666323e-01 3.240518157927583381e-02
1.703333333333333366e-01 3.259977798460524101e-02
1.709999999999999853e-01 3.279711659581516225e-02
1.716666666666666341e-01 3.299724956119845509e-02
1.723333333333333384e-01 3.320022982555605878e-02
1.729999999999999871e-01 3.340611115250571167e-02
1.736666666666666359e-01 3.361494813806164411e-02
1.743333333333333401e-01 3.382679623345343639e-02
1.749999999999999889e-01 3.404171176106973035e-02
1.756666666666666377e-01 3.425975193421066517e-02
1.763333333333333142e-01 3.448097487549114243e-02
1.769999999999999907e-01 3.470543963709189078e-02
1.776666666666666394e-01 3.493320621865722564e-02
1.783333333333333159e-01 3.516433558753000871e-02
1.789999999999999925e-01 3.539888969804861479e-02
1.796666666666666412e-01 3.563693151118214192e-02
1.812470862470862421e-01 3.621759292954933318e-02
1.837412587412587395e-01 3.717364298487221830e-02
1.862354312354312369e-01 3.818523559487423114e-02
1.887296037296037343e-01 3.925622184951439719e-02
1.912237762237762317e-01 4.039069646069502056e-02
1.937179487179487014e-01 4.159301206772767628e-02
1.962121212121211988e-01 4.286779303480989928e-02
1.987062937062936963e-01 4.421994836674529583e-02
2.012004662004661937e-01 4.565468336402891958e-02
2.036946386946386911e-01 4.717750955793723056e-02
2.061888111888111885e-01 4.879425239334273662e-02
2.086829836829836859e-01 5.051105603399115573e-02
2.111771561771561556e-01 5.233438458272559463e-02
2.136713286713286530e-01 5.427101890301726239e-02
2.161655011655011505e-01 5.632804814002044524e-02
2.186596736596736479e-01 5.851285493559021944e-02
2.211538461538461453e-01 6.083309324649883998e-02
2.236480186480186427e-01 6.329665759640859535e-02
2.261421911421911402e-01 6.591164254084524998e-02
2.286363636363636376e-01 6.868629109557919388e-02
2.311305361305361350e-01 7.162893090197093582e-02
2.336247086247086324e-01 7.474789698062317411e-02
2.361188811188811298e-01 7.805144006475578378e-02
2.386130536130536273e-01 8.154761974797505863e-02
2.411072261072261247e-01 8.524418200884689711e-02
2.436013986013985944e-01 8.914842112626823745e-02
2.460955710955710918e-01 9.326702657440019695e-02
2.485897435897435892e-01 9.760591617913035034e-02
2.510839160839161144e-01 1.021700576351190770e-01
2.535780885780886118e-01 1.069632814059115339e-01
2.560722610722610537e-01 1.119880890062942558e-01
2.585664335664335511e-01 1.172454616846510395e-01
2.610606060606060486e-01 1.227346754816670549e-01
2.635547785547785460e-01 1.284531294651220512e-01
2.660489510489510434e-01 1.343961947561186920e-01
2.685431235431235408e-01 1.405570916974319684e-01
2.710372960372960383e-01 1.469268035780764425e-01
2.735314685314685357e-01 1.534940334651011817e-01
2.760256410256410331e-01 1.602452106766441564e-01
2.785198135198135305e-01 1.671645513825689988e-01
2.810139860139860279e-01 1.742341759326921369e-01
2.835081585081585254e-01 1.814342830772968929e-01
2.860023310023310228e-01 1.887433786039784400e-01
2.884965034965034647e-01 1.961385532028719625e-01
2.909906759906759621e-01 2.035958018221282473e-01
2.934848484848484595e-01 2.110903745652874253e-01
2.959790209790209570e-01 2.185971475235909678e-01
2.984731934731934544e-01 2.260910009484474459e-01
3.009673659673659518e-01 2.335471919355620041e-01
3.034615384615384492e-01 2.409417093354311590e-01
3.059557109557109467e-01 2.482515998345463104e-01
3.084498834498834441e-01 2.554552559770034148e-01
3.109440559440559415e-01 2.625326591198909321e-01
3.134382284382284389e-01 2.694655727717244487e-01
3.159324009324009364e-01 2.762376842434045021e-01
3.184265734265734338e-01 2.828346948780943726e-01
3.209207459207459312e-01 2.892443611825791794e-01
3.234149184149184286e-01 2.954564908588241390e-01
3.259090909090909260e-01 3.014628989757847100e-01
3.284032634032634235e-01 3.072573303225653030e-01
3.308974358974359209e-01 3.128353543709942453e-01
3.333916083916084183e-01 3.181942392901508376e-01
3.358857808857809157e-01 3.233328111801252458e-01
3.383799533799534132e-01 3.282513041817508581e-01
3.408741258741259106e-01 3.329512064718557207e-01
3.433682983682984080e-01 3.374351064033475622e-01
3.458624708624709054e-01 3.417065422911148564e-01
3.483566433566434029e-01 3.457698585857235662e-01
3.508508158508159003e-01 3.496300704806850068e-01
3.533449883449883422e-01 3.532927383663130305e-01
3.558391608391608396e-01 3.567638530002645858e-01
3.583333333333333370e-01 3.600497318029166616e-01
3.608275058275058345e-01 3.631569263206991804e-01
3.633216783216783319e-01 3.660921406037581094e-01
3.658158508158508293e-01 3.688621600334699990e-01
3.683100233100233267e-01 3.714737899785420239e-01
3.708041958041958241e-01 3.739338035594566012e-01
3.732983682983682661e-01 3.762488977437828397e-01
3.757925407925407635e-01 3.784256569759718580e-01
3.782867132867132609e-01 3.804705235480458358e-01
3.807808857808857583e-01 3.823897739433315679e-01
3.832750582750582558e-01 3.841895004265367120e-01
3.857692307692307532e-01 3.858755971999118795e-01
3.882634032634032506e-01 3.874537504992049963e-01
3.907575757575757480e-01 3.889294320606229149e-01
3.932517482517482454e-01 3.903078954467972261e-01
3.957459207459207429e-01 3.915941747721873867e-01
3.982400932400932403e-01 3.927930854241676872e-01
4.007342657342657377e-01 3.939092264242813335e-01
4.032284382284382351e-01 3.949469841167985718e-01
4.057226107226107326e-01 3.959105369180271339e-01
4.082167832167832300e-01 3.968038608930892774e-01
4.107109557109557274e-01 3.976307359622852089e-01
4.132051282051282248e-01 3.983947525698704473e-01
4.156993006993007223e-01 3.990993186705285023e-01
4.181934731934732197e-01 3.997476669158373519e-01
4.206876456876457171e-01 4.003428619440452252e-01
4.231818181818182145e-01 4.008878076858217177e-01
4.256759906759907119e-01 4.013852546254197962e-01
4.281701631701632094e-01 4.018378069590836099e-01
4.306643356643357068e-01 4.022479296112322356e-01
4.331585081585081487e-01 4.026179550719690692e-01
4.356526806526806461e-01 4.029500900334861413e-01
4.381468531468531435e-01 4.032464218050128002e-01
4.406410256410256410e-01 4.035089244927409502e-01
4.431351981351981384e-01 4.037394649374203559e-01
4.456293706293706358e-01 4.039398084038597903e-01
4.481235431235431332e-01 4.041116240227132228e-01
4.506177156177156307e-01 4.042564899809619194e-01
4.531118881118881281e-01 4.043758984715417615e-01
4.556060606060606255e-01 4.044712603977078658e-01
4.581002331002331229e-01 4.045439098460911209e-01
4.605944055944056204e-01 4.045951083318013453e-01
4.630885780885781178e-01 4.046260488199884264e-01
4.655827505827506152e-01 4.046378595403569145e-01
4.680769230769231126e-01 4.046316075927846589e-01
4.705710955710956100e-01 4.046083023617348395e-01
4.730652680652681075e-01 4.045688987418847304e-01
4.755594405594405494e-01 4.045143001860858067e-01
4.780536130536130468e-01 4.044453615855647111e-01
4.805477855477855442e-01 4.043628919856939730e-01
4.830419580419580416e-01 4.042676571535805397e-01
4.855361305361305391e-01 4.041603819961075428e-01
4.880303030303030365e-01 4.040417528432910799e-01
4.905244755244755339e-01 4.039124196019108770e-01
4.930186480186480313e-01 4.037729977839542017e-01
4.955128205128205288e-01 4.036240704224179354e-01
4.980069930069930262e-01 4.034661898736180419e-01
5.005011655011655236e-01 4.032998795198193265e-01
5.029953379953380210e-01 4.031256353714087748e-01
5.054895104895105185e-01 4.029439275785259844e-01
5.079836829836830159e-01 4.027552018558433478e-01
5.104778554778555133e-01 4.025598808244549853e-01
5.129720279720280107e-01 4.023583652796386967e-01
5.154662004662005081e-01 4.021510353818958383e-01
5.179603729603730056e-01 4.019382517839083513e-01
5.204545454545455030e-01 4.017203566902753931e-01
5.229487179487180004e-01 4.014976748580532107e-01
5.254428904428903868e-01 4.012705145402722384e-01
5.279370629370628842e-01 4.010391683793386730e-01
5.304312354312353817e-01 4.008039142270232724e-01
5.329254079254078791e-01 4.005650159747696781e-01
5.354195804195803765e-01 4.003227242615913228e-01
5.379137529137528739e-01 4.000772771994752230e-01
5.404079254079253714e-01 3.998289010335121518e-01
5.429020979020978688e-01 3.995778107708293780e-01
5.453962703962703662e-01 3.993242107728777190e-01
5.478904428904428636e-01 3.990682953155252344e-01
5.503846153846153610e-01 3.988102491183214138e-01
5.528787878787878585e-01 3.985502478422622286e-01
5.553729603729603559e-01 3.982884585635484420e-01
5.578671328671328533e-01 3.980250402177114011e-01
5.603613053613053507e-01 3.977601440228039631e-01
5.628554778554778482e-01 3.974939138745822165e-01
5.653496503496503456e-01 3.972264867266364075e-01
5.678438228438228430e-01 3.969579929432265342e-01
5.703379953379953404e-01 3.966885566380788375e-01
5.728321678321678379e-01 3.964182959914246962e-01
5.753263403263403353e-01 3.961473235521242309e-01
5.778205128205128327e-01 3.958757465218737948e-01
5.803146853146853301e-01 3.956036670263192168e-01
5.828088578088578275e-01 3.953311823685539128e-01
5.853030303030303250e-01 3.950583852727239664e-01
5.877972027972028224e-01 3.947853641116964574e-01
5.902913752913753198e-01 3.945122031240927973e-01
5.927855477855478172e-01 3.942389826207968739e-01
5.952797202797203147e-01 3.939657791770113660e-01
5.977738927738928121e-01 3.936926658196590045e-01
6.002680652680653095e-01 3.934197121999982727e-01
6.027622377622378069e-01 3.931469847595821521e-01
6.052564102564103043e-01 3.928745468876984615e-01
6.077505827505828018e-01 3.926024590706854167e-01
6.102447552447552992e-01 3.923307790316465371e-01
6.127389277389277966e-01 3.920595618652710779e-01
6.152331002331002940e-01 3.917888601654419545e-01
6.177272727272727915e-01 3.915187241443786603e-01
6.202214452214452889e-01 3.912492017484539009e-01
6.227156177156177863e-01 3.909803387647882711e-01
6.252097902097902837e-01 3.907121789267343770e-01
6.277039627039627812e-01 3.904447640094851346e-01
6.301981351981352786e-01 3.901781339240512070e-01
6.326923076923077760e-01 3.899123268055255109e-01
6.351864801864802734e-01 3.896473790957551975e-01
6.376806526806527708e-01 3.893833256237174134e-01
6.401748251748252683e-01 3.891201996812449493e-01
6.426689976689977657e-01 3.888580330938190555e-01
6.451631701631702631e-01 3.885968562896282563e-01
6.476573426573427605e-01 3.883366983635958558e-01
6.501515151515152580e-01 3.880775871393723486e-01
6.526456876456877554e-01 3.878195492281982792e-01
6.551398601398602528e-01 3.875626100831878196e-01
6.576340326340327502e-01 3.873067940535920850e-01
6.601282051282051366e-01 3.870521244337475353e-01
6.626223776223776341e-01 3.867986235120164928e-01
6.651165501165501315e-01 3.865463126149610851e-01
6.676107226107226289e-01 3.862952121515588200e-01
6.701048951048951263e-01 3.860453416532391713e-01
6.725990675990676237e-01 3.857967198133372411e-01
6.750932400932401212e-01 3.855493645244072454e-01
6.775874125874126186e-01 3.853032929129007189e-01
6.800815850815851160e-01 3.850585213726234191e-01
6.825757575757576134e-01 3.848150655973769374e-01
6.850699300699299998e-01 3.845729406100659165e-01
6.875641025641024973e-01 3.843321607926668548e-01
6.900582750582749947e-01 3.840927399125964037e-01
6.925524475524474921e-01 3.838546911491745872e-01
6.950466200466199895e-01 3.836180271179045476e-01
6.975407925407924870e-01 3.833827598954446803e-01
7.000349650349649844e-01 3.831489010393901995e-01
7.025291375291374818e-01 3.829164616114275055e-01
7.050233100233099792e-01 3.826854521973117040e-01
7.075174825174824766e-01 3.824558829251367698e-01
7.100116550116549741e-01 3.822277634840053340e-01
7.125058275058274715e-01 3.820011031414846658e-01
7.149999999999999689e-01 3.817759107598059920e-01
7.174941724941724663e-01 3.815521948113337891e-01
7.199883449883449638e-01 3.813299633933944777e-01
7.224825174825174612e-01 3.811092242424257703e-01
7.249766899766899586e-01 3.808899847472773659e-01
7.274708624708624560e-01 3.806722519615148848e-01
7.299650349650349535e-01 3.804560326157515049e-01
7.324592074592074509e-01 3.802413331289710707e-01
7.349533799533799483e-01 3.800281596188714861e-01
7.374475524475524457e-01 3.798165179125986279e-01
7.399417249417249431e-01 3.796064135559408803e-01
7.424358974358974406e-01 3.793978518229020880e-01
7.449300699300699380e-01 3.791908377238531469e-01
7.474242424242424354e-01 3.789853760139463845e-01
7.499184149184149328e-01 3.787814712011928209e-01
7.524125874125874303e-01 3.785791275526451116e-01
7.549067599067599277e-01 3.783783491032862711e-01
7.574009324009324251e-01 3.781791396598092603e-01
7.598951048951049225e-01 3.779815028097729956e-01
7.623892773892774199e-01 3.777854419247091977e-01
7.648834498834499174e-01 3.775909601676657457e-01
7.673776223776224148e-01 3.773980604968023012e-01
7.698717948717949122e-01 3.772067456713881217e-01
7.723659673659674096e-01 3.770170182556664140e-01
7.748601398601399071e-01 3.768288806233394128e-01
7.773543123543124045e-01 3.766423349617225025e-01
7.798484848484849019e-01 3.764573832748778770e-01
7.823426573426573993e-01 3.762740273889406128e-01
7.848368298368298968e-01 3.760922689521505324e-01
7.873310023310023942e-01 3.759121094413252484e-01
7.898251748251748916e-01 3.757335501652107057e-01
7.923193473193473890e-01 3.755565922611493468e-01
7.948135198135198864e-01 3.753812367044755405e-01
7.973076923076923839e-01 3.752074843088107903e-01
7.998018648018648813e-01 3.750353357256681064e-01
8.022960372960373787e-01 3.748647914502806211e-01
8.047902097902098761e-01 3.746958518209227984e-01
8.072843822843823736e-01 3.745285170220223336e-01
8.097785547785548710e-01 3.743627870845737671e-01
8.122727272727273684e-01 3.741986618885130289e-01
8.147668997668998658e-01 3.740361411651335066e-01
8.172610722610723633e-01 3.738752244951849546e-01
8.197552447552448607e-01 3.737159113138261435e-01
8.222494172494173581e-01 3.735582009091543143e-01
8.247435897435898555e-01 3.734020924241339134e-01
8.272377622377623529e-01 3.732475848574616784e-01
8.297319347319348504e-01 3.730946770648154165e-01
8.322261072261073478e-01 3.729433677587544738e-01
8.347202797202798452e-01 3.727936555099296001e-01
8.372144522144523426e-01 3.726455387481650283e-01
8.397086247086248401e-01 3.724990157620149400e-01
8.422027972027973375e-01 3.723540847009451649e-01
8.446969696969698349e-01 3.722107435737434522e-01
8.471911421911423323e-01 3.720689902506119084e-01
8.496853146853148298e-01 3.719288224637487539e-01
8.521794871794873272e-01 3.717902378060350954e-01
8.546736596736598246e-01 3.716532337331208136e-01
8.571678321678323220e-01 3.715178075631340726e-01
8.596620046620048194e-01 3.713839564774589763e-01
8.621561771561773169e-01 3.712516775198000940e-01
8.646503496503497033e-01 3.711209675983070388e-01
8.671445221445220897e-01 3.709918234901974365e-01
8.696386946386945871e-01 3.708642418133326069e-01
8.721328671328670845e-01 3.707382190863384719e-01
8.746270396270395819e-01 3.706137516674346544e-01
8.771212121212120794e-01 3.704908357868694213e-01
8.796153846153845768e-01 3.703694675403848557e-01
8.821095571095570742e-01 3.702496428884562985e-01
8.846037296037295716e-01 3.701313576583946663e-01
8.870979020979020691e-01 3.700146075436764881e-01
8.895920745920745665e-01 3.698993881042136889e-01
8.920862470862470639e-01 3.697856947674128536e-01
8.945804195804195613e-01 3.696735228280588759e-01
8.970745920745920587e-01 3.695628674489402354e-01
8.995687645687645562e-01 3.694537236608934627e-01
9.020629370629370536e-01 3.693460863639109193e-01
9.045571095571095510e-01 3.692399503274431116e-01
9.070512820512820484e-01 3.691353101907487999e-01
9.095454545454545459e-01 3.690321604632120223e-01
9.120396270396270433e-01 3.689304955259925523e-01
9.145337995337995407e-01 3.688303096309863971e-01
9.170279720279720381e-01 3.687315969034236085e-01
9.195221445221445356e-01 3.686343513407960848e-01
9.220163170163170330e-01 3.685385668151340277e-01
9.245104895104895304e-01 3.684442370721250359e-01
9.270046620046620278e-01 3.683513557339958555e-01
9.294988344988345252e-01 3.682599162979164897e-01
9.319930069930070227e-01 3.681699121395783370e-01
9.344871794871795201e-01 3.680813365113279056e-01
9.369813519813520175e-01 3.679941825459481786e-01
9.394755244755245149e-01 3.679084432555218553e-01
9.419696969696970124e-01 3.678241115334903166e-01
9.444638694638695098e-01 3.677411801551020432e-01
9.469580419580420072e-01 3.676596417800300221e-01
9.494522144522145046e-01 3.675794889519459763e-01
9.519463869463870020e-01 3.675007141000929400e-01
9.544405594405594995e-01 3.674233095415365136e-01
9.569347319347319969e-01 3.673472674814367012e-01
9.594289044289044943e-01 3.672725800144595043e-01
9.619230769230769917e-01 3.671992391275963885e-01
9.644172494172494892e-01 3.671272366992954228e-01
9.669114219114219866e-01 3.670565645032546342e-01
9.694055944055944840e-01 3.669872142082184485e-01
9.718997668997669814e-01 3.669191773805675072e-01
9.743939393939394789e-01 3.668524454856816330e-01
9.768881118881119763e-01 3.667870098896808262e-01
9.793822843822844737e-01 3.667228618609352231e-01
9.818764568764569711e-01 3.666599925715313679e-01
9.843706293706294685e-01 3.665983931003812812e-01
9.868648018648019660e-01 3.665380544327439538e-01
9.893589743589744634e-01 3.664789674648556983e-01
9.918531468531469608e-01 3.664211230037408562e-01
9.943473193473194582e-01 3.663645117697179043e-01
9.968414918414919557e-01 3.663091243987191548e-01
9.993356643356644531e-01 3.662549514441620913e-01
1.001829836829836839e+00 3.662019833784412315e-01
1.004324009324009559e+00 3.661502105957679110e-01
1.006818181818181834e+00 3.660996234143155115e-01
1.009312354312354554e+00 3.660502120768284740e-01
1.011806526806526829e+00 3.660019667550086786e-01
1.014300699300699549e+00 3.659548775504860574e-01
1.016794871794871824e+00 3.659089344963214474e-01
1.019289044289044543e+00 3.658641275606584475e-01
1.021783216783216819e+00 3.658204466489083373e-01
1.024277389277389538e+00 3.657778816040770931e-01
1.026771561771561814e+00 3.657364222120866315e-01
1.029265734265734533e+00 3.656960582009395333e-01
1.031759906759906809e+00 3.656567792458433885e-01
1.034254079254079528e+00 3.656185749697502541e-01
1.036748251748251803e+00 3.655814349461198876e-01
1.039242424242424523e+00 3.655453487017779612e-01
1.041736596736596798e+00 3.655103057189953430e-01
1.044230769230769518e+00 3.654762954375601058e-01
1.046724941724941793e+00 3.654433072579822417e-01
1.049219114219114068e+00 3.654113305429941838e-01
1.051713286713286788e+00 3.653803546203155950e-01
1.054207459207459063e+00 3.653503687856429205e-01
1.056701631701631783e+00 3.653213623043640723e-01
1.059195804195804058e+00 3.652933244140261215e-01
1.061689976689976778e+00 3.652662443273699266e-01
1.064184149184149053e+00 3.652401112338930500e-01
1.066678321678321772e+00 3.652149143033089351e-01
1.069172494172494048e+00 3.651906426870655253e-01
1.071666666666666767e+00 3.651672855208653035e-01
1.074160839160839043e+00 3.651448319277929566e-01
1.076655011655011762e+00 3.651232710201200438e-01
1.079149184149184038e+00 3.651025919015236654e-01
1.081643356643356757e+00 3.650827836699247486e-01
1.084137529137529032e+00 3.650638354201569680e-01
1.086631701631701752e+00 3.650457362448272791e-01
1.089125874125874027e+00 3.650284752390362542e-01
1.091620046620046747e+00 3.650120415002868768e-01
1.094114219114219022e+00 3.649964241321765335e-01
1.096608391608391742e+00 3.649816122467339774e-01
1.099102564102564017e+00 3.649675949658436891e-01
1.101596736596736736e+00 3.649543614244281642e-01
1.104090909090909012e+00 3.649419007720076102e-01
1.106585081585081731e+00 3.649302021750087666e-01
1.109079254079254007e+00 3.649192548194873376e-01
1.111573426573426726e+00 3.649090479127830022e-01
1.114067599067599001e+00 3.648995706852629639e-01
1.116561771561771721e+00 3.648908123936345782e-01
1.119055944055943996e+00 3.648827623216345239e-01
1.121550116550116716e+00 3.648754097835649191e-01
1.124044289044288991e+00 3.648687441243559926e-01
1.126538461538461711e+00 3.648627547241338753e-01
1.129032634032633986e+00 3.648574309973062202e-01
1.131526806526806705e+00 3.648527623969138323e-01
1.134020979020978981e+00 3.648487384147494073e-01
1.136515151515151700e+00 3.648453485849872946e-01
1.139009324009323976e+00 3.648425824837804310e-01
1.141503496503496695e+00 3.648404297339237212e-01
1.143997668997668971e+00 3.648388800029083168e-01
1.146491841491841690e+00 3.648379230085894709e-01
1.148986013986013965e+00 3.648375485175436306e-01
1.151480186480186685e+00 3.648377463494603679e-01
1.153974358974358960e+00 3.648385063764425507e-01
1.156468531468531680e+00 3.648398185258940329e-01
1.158962703962703955e+00 3.648416727819772665e-01
1.161456876456876675e+00 3.648440591865963478e-01
1.163951048951048950e+00 3.648469678291385021e-01
1.166445221445221669e+00 3.648503889061787131e-01
1.168939393939393945e+00 3.648543126099177969e-01
1.171433566433566664e+00 3.648587292387986958e-01
1.173927738927738940e+00 3.648636291460062298e-01
1.176421911421911659e+00 3.648690027506781841e-01
1.178916083916083934e+00 3.648748405397613803e-01
1.181410256410256654e+00 3.648811330687314336e-01
1.183904428904428929e+00 3.648878709624741590e-01
1.186398601398601205e+00 3.648950449168928967e-01
1.188892773892773924e+00 3.649026456997956358e-01
1.191386946386946200e+00 3.649106641514070493e-01
1.193881118881118919e+00 3.649190911869761300e-01
1.196375291375291194e+00 3.649279177955310760e-01
1.198869463869463914e+00 3.649371350421497517e-01
1.201363636363636189e+00 3.649467340688511419e-01
1.203857808857808909e+00 3.649567060946388164e-01
1.206351981351981184e+00 3.649670424172176131e-01
1.208846153846153904e+00 3.649777344126670098e-01
1.211340326340326179e+00 3.649887735374274245e-01
1.213834498834498898e+00 3.650001513275721865e-01
1.216328671328671174e+00 3.650118594010894335e-01
1.218822843822843893e+00 3.650238894566131820e-01
1.221317016317016169e+00 3.650362332756773576e-01
1.223811188811188888e+00 3.650488827220899068e-01
1.226305361305361163e+00 3.650618297433825821e-01
1.228799533799533883e+00 3.650750663627019832e-01
1.231293706293706158e+00 3.650885847160937892e-01
1.233787878787878878e+00 3.651023769820206932e-01
1.236282051282051153e+00 3.651164354512274057e-01
1.238776223776223873e+00 3.651307524931125537e-01
1.241270396270396148e+00 3.651453205625005416e-01
1.243764568764568867e+00 3.651601321988413029e-01
1.246258741258741143e+00 3.651751800287763028e-01
1.248752913752913862e+00 3.651904567639558952e-01
