# n_fm^-3 Ebind_MeV Esym_MeV Psnm_MeVfm^-3 K_MeV L_MeV
8.000000000000000167e-03 -5.973654874264866521e-02 2.123250698622846322e+00 -7.853254324325043001e-03 -3.238835725298874646e+00 4.842694701704832738e+00
1.047499999999999994e-02 -3.847257899573151008e-01 2.614827299998600196e+00 -1.521385665805219389e-02 -4.665238797266347603e+00 6.142163047769838791e+00
1.294999999999999971e-02 -7.414063338411551740e-01 3.090751321899240622e+00 -2.496391333623471098e-02 -5.348390345993813355e+00 7.394348346795000637e+00
1.542500000000000121e-02 -1.118766355725142603e+00 3.556964348045839497e+00 -3.702808926200518158e-02 -5.009947419304468852e+00 8.660333930203060859e+00
1.789999999999999925e-02 -1.509902449596438601e+00 4.017140364676229147e+00 -5.130863311500277746e-02 -4.437227059266222184e+00 9.945514753911560035e+00
2.037500000000000075e-02 -1.910132798937524967e+00 4.473729674523720945e+00 -6.769332415306195117e-02 -3.629432740321459239e+00 1.125334075273268297e+01
2.285000000000000225e-02 -2.316101354493298459e+00 4.928453848946606541e+00 -8.605996959738604346e-02 -2.588736439530320066e+00 1.258604300846194413e+01
2.532500000000000029e-02 -2.725301130089746948e+00 5.382568666382023359e+00 -1.062791865391936597e-01 -1.318078287777684210e+00 1.394504850174441479e+01
2.780000000000000179e-02 -3.135798691188483645e+00 5.837015745407742706e+00 -1.282162405493032509e-01 1.794980349234761019e-01 1.533122709549496498e+01
3.027500000000000330e-02 -3.546064591304912028e+00 6.292515598308883185e+00 -1.517323254182443293e-01 1.901042140311258510e+00 1.674504447073539026e+01
3.275000000000000133e-02 -3.954863706316359639e+00 6.749627582788862767e+00 -1.766854919631057896e-01 3.843738765768951016e+00 1.818665979009209721e+01
3.522500000000000631e-02 -4.361181396547749500e+00 7.208790061015815098e+00 -2.029313458666237580e-01 6.004898111857869480e+00 1.965598939960245417e+01
3.770000000000000434e-02 -4.764172106990713473e+00 7.670348165027159659e+00 -2.303235874410418660e-01 8.381931411828793088e+00 2.115274880860693685e+01
4.017500000000000238e-02 -5.163122567623304349e+00 8.134573496936276626e+00 -2.587144395421603349e-01 1.097232495091213345e+01 2.267648026467696454e+01
4.265000000000000041e-02 -5.557424805965410997e+00 8.601678406140214506e+00 -2.879549940186620915e-01 1.377361709789900424e+01 2.422657045474218407e+01
4.512500000000000538e-02 -5.946555939518248124e+00 9.071826515701216564e+00 -3.178954972787266797e-01 1.678337950102229215e+01 2.580226122764137386e+01
4.760000000000000342e-02 -6.330062766777700745e+00 9.545140589533193776e+00 -3.483855893940273063e-01 1.999920232702094225e+01 2.740265523694124283e+01
5.007500000000000145e-02 -6.707549827030334200e+00 1.002170847244392604e+01 -3.792745068098923866e-01 2.341868311476070730e+01 2.902671778223031396e+01
5.255000000000000643e-02 -7.078670014568615443e+00 1.050158760582236361e+01 -4.104112562924271401e-01 2.703941859036884310e+01 3.067327572706733463e+01
5.502500000000000446e-02 -7.443117105666942734e+00 1.098480847148600148e+01 -4.416447655192996535e-01 3.085899889684667841e+01 3.234101410713702052e+01
5.750000000000000250e-02 -7.800619739104604378e+00 1.147137721557749401e+01 -4.728240145412598849e-01 3.487500376871909680e+01 3.402847086906797358e+01
5.997500000000000747e-02 -8.150936516363913142e+00 1.196127763555490908e+01 -5.037981513112796961e-01 3.908500022663972828e+01 3.573403005933821674e+01
6.245000000000000551e-02 -8.493851974714971220e+00 1.245447266531335018e+01 -5.344165937910929642e-01 4.348654143955734952e+01 3.745591370121768193e+01
6.492500000000001048e-02 -8.829173248543270347e+00 1.295090545952623629e+01 -5.645291206096842984e-01 4.807716651153569387e+01 3.919217254332651379e+01
6.740000000000001545e-02 -9.156727278741527698e+00 1.345050015390000908e+01 -5.939859518688450635e-01 5.285440095838409746e+01 4.094067582132296934e+01
6.987500000000000655e-02 -9.476358462743178279e+00 1.395316236019660749e+01 -6.226378213824403929e-01 5.781575771446765799e+01 4.269910015157269356e+01
7.234999999999999765e-02 -9.787926661828123542e+00 1.445877944191567721e+01 -6.503360414156702518e-01 6.295873851088845896e+01 4.446491766042083071e+01
7.482500000000000262e-02 -1.009130550046461394e+01 1.496722060677150878e+01 -6.769325608086518287e-01 6.828083547327796055e+01 4.623538344004838763e+01
7.730000000000000759e-02 -1.038638090615643250e+01 1.547833684487030403e+01 -7.022800172299099586e-01 7.377953293259199086e+01 4.800752242145561155e+01
7.977500000000001257e-02 -1.067304984870293083e+01 1.599196073607813062e+01 -7.262317841950221009e-01 7.945230931599640201e+01 4.977811575584197357e+01
8.225000000000001754e-02 -1.095121924591626339e+01 1.650790614599395667e+01 -7.486420133979407865e-01 8.529663905659681689e+01 5.154368679990368207e+01
8.472499999999999476e-02 -1.122080500910180945e+01 1.702596782689686350e+01 -7.693656728285702684e-01 9.130999447271192082e+01 5.330048681001495936e+01
8.719999999999999973e-02 -1.148173120660248969e+01 1.754592093780893691e+01 -7.882585810928759429e-01 9.748984765860426194e+01 5.504448046258310256e+01
8.967500000000000471e-02 -1.173392932758315510e+01 1.806752049620033063e+01 -8.051774383039571603e-01 1.038336722156927863e+02 5.677133132964409157e+01
9.215000000000000968e-02 -1.197733763136864127e+01 1.859050077270063284e+01 -8.199798538731499775e-01 1.103389448605222327e+02 5.847638745865154419e+01
9.462500000000001465e-02 -1.221190057020010045e+01 1.911457463951856539e+01 -8.325243714900238956e-01 1.170031470501097601e+02 6.015466722504073971e+01
9.710000000000001963e-02 -1.243756827519507624e+01 1.963943288283344657e+01 -8.426704915632683424e-01 1.238237663278648881e+02 6.180084564564130289e+01
9.957499999999999685e-02 -1.265429609705449820e+01 2.016474348931576444e+01 -8.502786913589091000e-01 1.307982975155929637e+02 6.340924137058770071e+01
1.020500000000000018e-01 -1.286204419433011026e+01 2.069015091709374587e+01 -8.552104430543465696e-01 1.379242438662849963e+02 6.497380459203581893e+01
1.045250000000000068e-01 -1.306077716319919091e+01 2.121527536170047057e+01 -8.573282299243771831e-01 1.451991179869524728e+02 6.648810614035762967e+01
1.070000000000000118e-01 -1.325046370358393233e+01 2.173971202813502757e+01 -8.564955608026139089e-01 1.526204425639100748e+02 6.794532807329248669e+01
1.094750000000000167e-01 -1.343107631724342355e+01 2.226303042077461214e+01 -8.525769830570482100e-01 1.601857510038448709e+02 6.933825608451437006e+01
1.119500000000000217e-01 -1.360259103405530823e+01 2.278477366357187606e+01 -8.454380941711434616e-01 1.678925879217014483e+02 7.065927410137103948e+01
1.144249999999999989e-01 -1.376498716325806981e+01 2.330445786398374253e+01 -8.349455521159399041e-01 1.757385093701154517e+02 7.190036147135454314e+01
1.169000000000000039e-01 -1.391824706685667934e+01 2.382157153490885904e+01 -8.209670846381840192e-01 1.837210829974341948e+02 7.305309317090161869e+01
1.193750000000000089e-01 -1.406235595278781147e+01 2.433557509009142450e+01 -8.033714975897083832e-01 1.918378880921782184e+02 7.410864350165537928e+01
1.218500000000000139e-01 -1.419730168571015838e+01 2.484590042938200227e+01 -7.820286824210711529e-01 2.000865154240115089e+02 7.505779377048106937e+01
1.243250000000000188e-01 -1.432307461362461254e+01 2.535195063150541017e+01 -7.568096229428533661e-01 2.084645669582166079e+02 7.589094448149906214e+01
1.268000000000000238e-01 -1.443966740868006582e+01 2.585309977299329276e+01 -7.275864014649187084e-01 2.169696554301290519e+02 7.659813258062236230e+01
1.292750000000000010e-01 -1.454707492080228803e+01 2.634869289300404205e+01 -6.942322043366004891e-01 2.255994038909064159e+02 7.716905433634111944e+01
1.317500000000000060e-01 -1.464529404286236058e+01 2.683804612499454834e+01 -6.566213272983247862e-01 2.343514450281203949e+02 7.759309440828813820e+01
1.342250000000000110e-01 -1.473432358632533123e+01 2.732044701652340279e+01 -6.146291800499028568e-01 2.432234204037750089e+02 7.785936169713396282e+01
1.367000000000000159e-01 -1.481416416639785893e+01 2.779515505999377467e+01 -5.681322908995269927e-01 2.522129796815015084e+02 7.795673255315647054e+01
1.391750000000000209e-01 -1.488481809581355719e+01 2.826140245699676257e+01 -5.170083110388361547e-01 2.613177796192076698e+02 7.787390186782045021e+01
1.416500000000000259e-01 -1.494628928650138278e+01 2.871839513961945656e+01 -4.611360186990509646e-01 2.705354831171336514e+02 7.759944256701756160e+01
1.441250000000000309e-01 -1.499858315845199286e+01 2.916531407179082436e+01 -4.003953232193850909e-01 2.798637581642628902e+02 7.712187395274587232e+01
1.466000000000000081e-01 -1.504170655516134048e+01 2.960131685356242315e+01 -3.346672690851733023e-01 2.893002765849655589e+02 7.642973926992215183e+01
1.490750000000000131e-01 -1.507566766512718459e+01 3.002553965020399929e+01 -2.638340399832372896e-01 2.988427128874404275e+02 7.551169276627152271e+01
1.515500000000000180e-01 -1.510047594888794720e+01 3.043709946677287448e+01 -1.877789629231756408e-01 3.084887430491602345e+02 7.435659640348816879e+01
1.540250000000000230e-01 -1.511614207116929265e+01 3.083509678689654976e+01 -1.063865124658889272e-01 3.182360431765367252e+02 7.295362622078363302e+01
1.565000000000000280e-01 -1.512267783773665997e+01 3.121861859200769729e+01 -1.954231509719761561e-02 3.280822881532051269e+02 7.129238818065533678e+01
1.589750000000000330e-01 -1.512009613659324714e+01 3.158674177410473760e+01 7.286684622056327498e-02 3.380251503352104123e+02 6.936304312686597484e+01
1.614500000000000102e-01 -1.510841088319625669e+01 3.193853695124234804e+01 1.709530272889310254e-01 3.480622981747861218e+02 6.715644025968644826e+01
1.639250000000000151e-01 -1.508763696938285648e+01 3.227307269035424042e+01 2.748271176783987357e-01 3.581913947341560061e+02 6.466425827691057293e+01
1.664000000000000201e-01 -1.505779021575301613e+01 3.258942013658261061e+01 3.845988354784992680e-01 3.684100964224673476e+02 6.187915305762068385e+01
1.688750000000000251e-01 -1.501888732724262354e+01 3.288665804218761934e+01 5.003767217722270289e-01 3.787160516211781101e+02 5.879491048471869874e+01
1.713500000000000301e-01 -1.497094585166280467e+01 3.316387818128896470e+01 6.222681348189098571e-01 3.891068991589753523e+02 5.540660269435286267e+01
1.738250000000000073e-01 -1.491398414100808623e+01 3.342019112911894041e+01 7.503792439358107913e-01 3.995802670958361773e+02 5.171074572449784057e+01
1.763000000000000123e-01 -1.484802131533081138e+01 3.365473237628635417e+01 8.848150230682279016e-01 4.101337714027853281e+02 4.770545624740846335e+01
1.787750000000000172e-01 -1.477307722900218323e+01 3.386666874005612016e+01 1.025679244040787808e+00 4.207650145147832177e+02 4.339060477773376334e+01
1.812500000000000222e-01 -1.468917243921407589e+01 3.405520502561238061e+01 1.173074469491126592e+00 4.314715842456936343e+02 3.876796248053474159e+01
1.837250000000000272e-01 -1.459632817655369763e+01 3.421959088125822745e+01 1.327102045481524328e+00 4.422510525234262104e+02 3.384133846821443825e+01
1.862000000000000322e-01 -1.449456631751399982e+01 3.435912778230066067e+01 1.487862093793751228e+00 4.531009741042454948e+02 2.861670432903377304e+01
1.886750000000000094e-01 -1.438390935882830490e+01 3.447317606999563822e+01 1.655453503913264512e+00 4.640188856378798619e+02 2.310230247931663428e+01
1.911500000000000143e-01 -1.426438039348090570e+01 3.456116196325135093e+01 1.829973924707189781e+00 4.750023045369139822e+02 1.730873491940729636e+01
1.936250000000000193e-01 -1.413600308830586982e+01 3.462258445407631768e+01 2.011519755811406185e+00 4.860487279677586230e+02 1.124902902852514330e+01
1.961000000000000243e-01 -1.399880166305661078e+01 3.465702199112516269e+01 2.200186138733386088e+00 4.971556319914521964e+02 4.938677164277021525e+00
1.985750000000000293e-01 -1.385280087085288869e+01 3.466413885143000329e+01 2.396066947692077065e+00 5.083204707060468763e+02 -1.604352895831105297e+00
2.010500000000000342e-01 -1.369802597991520088e+01 3.464369109711473271e+01 2.599254780205995985e+00 5.195406754640717963e+02 -8.359639271899887092e+00
2.035250000000000115e-01 -1.353450275649674950e+01 3.459553201333682182e+01 2.809840947451363036e+00 5.308136542388782573e+02 -1.530436117432249077e+01
2.060000000000000164e-01 -1.336225744894261425e+01 3.451961692471511611e+01 3.027915464411648827e+00 5.421367910587989627e+02 -2.241338952508243310e+01
2.084750000000000214e-01 -1.318131677278336156e+01 3.441600729141261894e+01 3.253567039836354979e+00 5.535074454275959397e+02 -2.965941387758170578e+01
2.109500000000000264e-01 -1.299170789681681981e+01 3.428487399199891428e+01 3.486883066039638379e+00 5.649229519751863791e+02 -3.701310569373366377e+01
2.134250000000000314e-01 -1.279345843008582051e+01 3.412649970954648637e+01 3.727949608557821648e+00 5.763806201764692787e+02 -4.444331729083561555e+01
2.159000000000000363e-01 -1.258659640971256977e+01 3.394128034772163005e+01 3.976851395697366343e+00 5.878777340961770506e+02 -5.191731487622542573e+01
2.183750000000000135e-01 -1.237115028950802298e+01 3.372972541799590118e+01 4.233671807996643111e+00 5.994115522991987746e+02 -5.940104313495495347e+01
2.208500000000000185e-01 -1.214714892932499879e+01 3.349245735437222748e+01 4.498492867636286974e+00 6.109793078779493953e+02 -6.685941808485402760e+01
2.233250000000000235e-01 -1.191462158507454205e+01 3.323020972933839801e+01 4.771395227820960372e+00 6.225782084605644968e+02 -7.425664404852670941e+01
2.258000000000000285e-01 -1.167359789938473114e+01 3.294382436352897514e+01 5.052458162170950118e+00 6.342054364881391848e+02 -8.155654982830455424e+01
2.282750000000000334e-01 -1.142410789282939731e+01 3.263424734131048410e+01 5.341759554148040934e+00 6.458581495306445959e+02 -8.872293857658101501e+01
2.307500000000000384e-01 -1.116618195569935779e+01 3.230252396422392991e+01 5.639375886553921191e+00 6.575334806715408149e+02 -9.571994538422346466e+01
2.332250000000000156e-01 -1.089985084026432105e+01 3.194979269392601040e+01 5.945382231126927763e+00 6.692285390003991097e+02 -1.025123962516129978e+02
2.357000000000000206e-01 -1.062514565348874385e+01 3.157727815517618097e+01 6.259852238277403558e+00 6.809404102352906420e+02 -1.090661619541252776e+02
2.381750000000000256e-01 -1.034209785016776095e+01 3.118628328694973817e+01 6.582858127066259613e+00 6.926661575458415427e+02 -1.153485003264885336e+02
2.406500000000000306e-01 -1.005073922643555306e+01 3.077818074554583916e+01 6.914470675070191419e+00 7.044028222110918023e+02 -1.213283808120796863e+02
2.431250000000000355e-01 -9.751101913626484929e+00 3.035440367614594948e+01 7.254759209016668819e+00 7.161474246605495182e+02 -1.269767853730556340e+02
2.456000000000000405e-01 -9.443218372447972797e+00 2.991643598106031732e+01 7.603791595219917099e+00 7.278969655584488692e+02 -1.322669804836073126e+02
2.480750000000000177e-01 -9.127121387431998301e+00 2.946580221931390042e+01 7.961634230522264488e+00 7.396484266751836003e+02 -1.371747557370555342e+02
2.505499999999999949e-01 -8.802844061647647322e+00 2.900405727717584625e+01 8.328352033531331244e+00 7.513987723673634491e+02 -1.416786252188980768e+02
2.530249999999999999e-01 -8.470419811638748797e+00 2.853277595066021632e+01 8.704008436220902922e+00 7.631449508669434181e+02 -1.457599889412754237e+02
2.555000000000000049e-01 -8.129882362554440078e+00 2.805354257802317264e+01 9.088665375923994816e+00 7.748838953738730879e+02 -1.494032524489303171e+02
2.579750000000000099e-01 -7.781265743470612506e+00 2.756794085656731852e+01 9.482383287753918921e+00 7.866125258247570855e+02 -1.525959037355082728e+02
2.604500000000000148e-01 -7.424604282853692894e+00 2.707754396899675697e+01 9.885221097476147634e+00 7.983277504901149086e+02 -1.553285476692153395e+02
2.629250000000000198e-01 -7.059932604160962910e+00 2.658390513510751418e+01 1.029723621486505181e+01 8.100264674409912686e+02 -1.575948989362127293e+02
2.654000000000000248e-01 -6.687285621549449388e+00 2.608854869184642311e+01 1.071848452756793790e+01 8.217055661721290107e+02 -1.593917354648100968e+02
2.678750000000000298e-01 -6.306698535680425266e+00 2.559296179103465363e+01 1.114902039550656809e+01 8.333619295653147674e+02 -1.607188149631971612e+02
2.703500000000000347e-01 -5.918206829599625962e+00 2.509858678913330721e+01 1.158889664584043544e+01 8.449924358231413635e+02 -1.615787579467560420e+02
2.728250000000000397e-01 -5.521846264666237403e+00 2.460681438725382009e+01 1.203816456851089356e+01 8.565939600208696447e+02 -1.619769010363656321e+02
2.753000000000000447e-01 -5.117652876533611561e+00 2.411897756450212071e+01 1.249687391239604040e+01 8.681633762574579123e+02 -1.619211247517436050e+02
2.777750000000000496e-01 -4.705662971152833052e+00 2.363634633116817696e+01 1.296507288209141961e+01 8.796975597768843045e+02 -1.614216602281748010e+02
2.802500000000000546e-01 -4.285913120787313346e+00 2.316012331420425596e+01 1.344280813533720220e+01 8.911933887584300464e+02 -1.604908793592651364e+02
2.827250000000000041e-01 -3.858440160032046151e+00 2.269144017258553347e+01 1.393012478111108976e+01 9.026477464866453602e+02 -1.591430729452942501e+02
2.852000000000000091e-01 -3.423281181820584607e+00 2.223135482765466264e+01 1.442706637840194617e+01 9.140575235574843873e+02 -1.573942211626035146e+02
2.876750000000000140e-01 -2.980473533409849551e+00 2.178084948212867289e+01 1.493367493567831161e+01 9.254196198888025719e+02 -1.552617605196676891e+02
2.901500000000000190e-01 -2.530054812333332848e+00 2.134082939145947222e+01 1.544999091106558353e+01 9.367309469142124954e+02 -1.527643511726602128e+02
2.926250000000000240e-01 -2.072062862316442988e+00 2.091212234294242478e+01 1.597605321324300576e+01 9.479884298354685370e+02 -1.499216480108393341e+02
2.951000000000000290e-01 -1.606535769138872638e+00 2.049547879182551924e+01 1.651189920306791237e+01 9.591890096169282742e+02 -1.467540786141179581e+02
2.975750000000000339e-01 -1.133511856445579724e+00 2.009157259806510964e+01 1.705756469593853808e+01 9.703296453685661618e+02 -1.432826307015338898e+02
3.000500000000000389e-01 -6.530296814952407658e-01 1.970100230469611802e+01 1.761308396489823735e+01 9.814073164655367236e+02 -1.395286512112331820e+02
3.025250000000000439e-01 -1.651280308345803860e-01 1.932429289635361158e+01 1.817848974448531862e+01 9.924190246377941094e+02 -1.355136587523377045e+02
3.050000000000000488e-01 3.301540840877805749e-01 1.896189797632207430e+01 1.875381323533468958e+01 1.003361796306272367e+03 -1.312591707155486063e+02
3.074750000000000538e-01 8.327774314009275258e-01 1.861420230067933090e+01 1.933908410952500390e+01 1.014232684547553163e+03 -1.267865459426642758e+02
3.099500000000000588e-01 1.342702563354691847e+00 1.828152461001458207e+01 1.993433051667932432e+01 1.025028771392103636e+03 -1.221168434410973731e+02
3.124250000000000083e-01 1.859889820962052909e+00 1.796412070146071827e+01 2.053957909080821764e+01 1.035747169756499261e+03 -1.172706973316666819e+02
3.149000000000000132e-01 2.384299338716004968e+00 1.766218668700186711e+01 2.115485495789675952e+01 1.046385025633213218e+03 -1.122682079123694194e+02
3.173750000000000182e-01 2.915891049399192525e+00 1.737586238753436163e+01 2.178018174422629727e+01 1.056939520140077548e+03 -1.071288484629886852e+02
3.198500000000000232e-01 3.454624688985063585e+00 1.710523481630023213e+01 2.241558158542466117e+01 1.067407871288304250e+03 -1.018713872004384484e+02
3.223250000000000282e-01 4.000459801619967948e+00 1.685034170946425292e+01 2.306107513623669547e+01 1.077787336300574452e+03 -9.651382362458146247e+01
3.248000000000000331e-01 4.553355744705072539e+00 1.661117506610846917e+01 2.371668158100237633e+01 1.088075213176233547e+03 -9.107333840067074959e+01
3.272750000000000381e-01 5.113271694061495509e+00 1.638768466401749535e+01 2.438241864483217114e+01 1.098268842510163950e+03 -8.556625575521080407e+01
3.297500000000000431e-01 5.680166649182638139e+00 1.617978152246444523e+01 2.505830260546696309e+01 1.108365609658086896e+03 -8.000801736963202870e+01
3.322250000000000481e-01 6.253999438578716763e+00 1.598734128673199706e+01 2.574434830580582911e+01 1.118362946076095113e+03 -7.441316671257892779e+01
3.347000000000000530e-01 6.834728725204286093e+00 1.581020751365789678e+01 2.644056916708706240e+01 1.128258330985027897e+03 -6.879534268670141728e+01
3.371750000000000580e-01 7.422313011965570695e+00 1.564819484086089574e+01 2.714697720270748960e+01 1.138049293258150328e+03 -6.316728154340422918e+01
3.396500000000000075e-01 8.016710647315335336e+00 1.550109202601315417e+01 2.786358303265740233e+01 1.147733412749068293e+03 -5.754082603116609107e+01
3.421250000000000124e-01 8.617879830920742279e+00 1.536866484542022704e+01 2.859039589855620989e+01 1.157308321656637872e+03 -5.192694076304519513e+01
3.446000000000000174e-01 9.225778619409652492e+00 1.525065884440109798e+01 2.932742367926681482e+01 1.166771705938418108e+03 -4.633573286207722219e+01
3.470750000000000224e-01 9.840364932184797908e+00 1.514680193415374987e+01 3.007467290707074881e+01 1.176121306756611375e+03 -4.077647702560870613e+01
3.495500000000000274e-01 1.046159655730934901e+01 1.505680683232228390e+01 3.083214878437433981e+01 1.185354921549565688e+03 -3.525764414612397246e+01
3.520250000000000323e-01 1.108943115745637442e+01 1.498037334642351226e+01 3.159985520092942579e+01 1.194470405189572830e+03 -2.978693278915950771e+01
3.545000000000000373e-01 1.172382627591480286e+01 1.491719050080573439e+01 3.237779475155736009e+01 1.203465671142864267e+03 -2.437130283566624200e+01
3.569750000000000423e-01 1.236473934265848129e+01 1.486693850952972085e+01 3.316596875432537672e+01 1.212338692177892426e+03 -1.901701066294230102e+01
3.594500000000000473e-01 1.301212768045775192e+01 1.482929059858889786e+01 3.396437726917520195e+01 1.221087501557353789e+03 -1.372964536650689027e+01
3.619250000000000522e-01 1.366594851104457575e+01 1.480391468186318349e+01 3.477301911696719117e+01 1.229710193788335346e+03 -8.514165516868516193e+00
3.644000000000000572e-01 1.432615896131801492e+01 1.479047489615653532e+01 3.559189189892003924e+01 1.238204925211584168e+03 -3.374936046877416995e+00
3.668750000000000622e-01 1.499271606958518532e+01 1.478863300108012169e+01 3.642099201642145090e+01 1.246569914728342837e+03 1.684235050658894117e+00
3.693500000000000116e-01 1.566557679183847540e+01 1.479804965004706219e+01 3.726031469117862116e+01 1.254803444250978828e+03 6.660060560094594351e+00
3.718250000000000166e-01 1.634469800805459272e+01 1.481838553911763512e+01 3.810985398569312110e+01 1.262903859435804634e+03 1.154973864019662955e+01
3.743000000000000216e-01 1.703003652852135019e+01 1.484930244035520275e+01 3.896960282402380926e+01 1.270869570000037811e+03 1.635091837244334911e+01
3.767750000000000266e-01 1.772154910017980001e+01 1.489046412665311792e+01 3.983955301282088612e+01 1.278699049854457371e+03 2.106166645421184214e+01
3.792500000000000315e-01 1.841919241297875942e+01 1.494153719491548316e+01 4.071969526260136263e+01 1.286390837382128893e+03 2.568043512758225688e+01
3.817250000000000365e-01 1.912292310623604408e+01 1.500219179431432082e+01 4.161001920924258002e+01 1.293943535724381036e+03 3.020603148739913379e+01
3.842000000000000415e-01 1.983269777500129294e+01 1.507210226650945373e+01 4.251051343566757623e+01 1.301355813047076936e+03 3.463758818526604699e+01
3.866750000000000465e-01 2.054847297641856585e+01 1.515094770401158542e+01 4.342116549369893619e+01 1.308626402131807708e+03 3.897453560017220298e+01
3.891500000000000514e-01 2.127020523608064195e+01 1.523841243329107797e+01 4.434196192605497799e+01 1.315754100340949208e+03 4.321657551102223493e+01
3.916250000000000564e-01 2.199785105436512822e+01 1.533418642839340862e+01 4.527288828846707247e+01 1.322737769979730501e+03 4.736365623498419808e+01
3.941000000000000614e-01 2.273136691276124566e+01 1.543796566096480660e+01 4.621392917189115224e+01 1.329576337639226949e+03 5.141594927216941358e+01
3.965750000000000663e-01 2.347070928016898961e+01 1.554945239210586649e+01 4.716506822479141192e+01 1.336268793791276266e+03 5.537382737568155022e+01
3.990500000000000158e-01 2.421583461917089153e+01 1.566835541112524055e+01 4.812628817547579274e+01 1.342814192958844615e+03 5.923784406914410994e+01
4.015250000000000208e-01 2.496669939227331270e+01 1.579439022624717026e+01 4.909757085445698976e+01 1.349211653123722044e+03 6.300871454447289466e+01
4.040000000000000258e-01 2.572326006811363186e+01 1.592727921163175964e+01 5.007889721689144835e+01 1.355460354964734279e+03 6.668729789984303125e+01
4.064750000000000307e-01 2.648547312762207184e+01 1.606675171519454892e+01 5.107024736470287962e+01 1.361559541653052520e+03 7.027458063488055018e+01
4.089500000000000357e-01 2.725329507014180308e+01 1.621254413087046586e+01 5.207160056919428825e+01 1.367508518270863533e+03 7.377166138855699273e+01
4.114250000000000407e-01 2.802668241949959338e+01 1.636439993940562587e+01 5.308293529313925774e+01 1.373306650889061302e+03 7.717973687342664846e+01
4.139000000000000457e-01 2.880559173002200168e+01 1.652206972081068415e+01 5.410422921300840926e+01 1.378953366190270799e+03 8.050008888179087307e+01
4.163750000000000506e-01 2.958997959249404630e+01 1.668531114176115793e+01 5.513545924106625762e+01 1.384448150816055886e+03 8.373407234760192352e+01
4.188500000000000556e-01 3.037980264006102971e+01 1.685388892074714562e+01 5.617660154735500555e+01 1.389790550246768589e+03 8.688310441777311155e+01
4.213250000000000606e-01 3.117501755406135544e+01 1.702757477382353457e+01 5.722763158155316887e+01 1.394980168126470062e+03 8.994865444282407907e+01
4.238000000000000655e-01 3.197558106979408876e+01 1.720614734317795325e+01 5.828852409469010354e+01 1.400016665487174123e+03 9.293223483496625192e+01
4.262750000000000150e-01 3.278144998221455353e+01 1.738939211095825144e+01 5.935925316069966584e+01 1.404899759771986055e+03 9.583539274513518080e+01
4.287500000000000200e-01 3.359258115155580526e+01 1.757710130019976091e+01 6.043979219780089807e+01 1.409629223993002824e+03 9.865970250846977763e+01
4.312250000000000250e-01 3.440893150887313823e+01 1.776907376492670920e+01 6.153011398969033507e+01 1.414204885631199659e+03 1.014067588022652870e+02
4.337000000000000299e-01 3.523045806150889803e+01 1.796511487089658488e+01 6.263019070653126619e+01 1.418626625716606441e+03 1.040781704372795531e+02
4.361750000000000349e-01 3.605711789847271120e+01 1.816503636861937920e+01 6.373999392572994793e+01 1.422894377878695195e+03 1.066755547968046614e+02
4.386500000000000399e-01 3.688886819574008769e+01 1.836865626005169005e+01 6.485949465248404522e+01 1.427008127096806902e+03 1.092005328109878235e+02
4.411250000000000449e-01 3.772566622145939164e+01 1.857579866005476177e+01 6.598866334009488810e+01 1.430967908791809350e+03 1.116547244598434645e+02
4.436000000000000498e-01 3.856746934107195557e+01 1.878629365389411987e+01 6.712746991003024277e+01 1.434773807737677771e+03 1.140397447806307980e+02
4.460750000000000548e-01 3.941423502233942600e+01 1.899997715168695578e+01 6.827588377172986611e+01 1.438425956874265694e+03 1.163572002886492953e+02
4.485500000000000598e-01 4.026592084027731744e+01 1.921669074065368221e+01 6.943387384214406666e+01 1.441924536164542587e+03 1.186086858108277937e+02
4.510250000000000647e-01 4.112248448199409268e+01 1.943628153600947428e+01 7.060140856499606343e+01 1.445269771608584051e+03 1.207957817042837974e+02
4.535000000000000697e-01 4.198388375143110807e+01 1.965860203118540284e+01 7.177845592976251510e+01 1.448461933918906652e+03 1.229200514142099507e+02
4.559750000000000192e-01 4.285007657400922199e+01 1.988350994799061056e+01 7.296498349036153286e+01 1.451501337322778454e+03 1.249830393371043726e+02
4.584500000000000242e-01 4.372102100116717338e+01 2.011086808723282005e+01 7.416095838354760872e+01 1.454388338734363060e+03 1.269862689708609906e+02
4.609250000000000291e-01 4.459667521481003405e+01 2.034054418029930389e+01 7.536634734699993032e+01 1.457123336204508178e+03 1.289312413283614944e+02
4.634000000000000341e-01 4.547699753164602043e+01 2.057241074209380116e+01 7.658111673710601508e+01 1.459706767803554612e+03 1.308194335858430861e+02
4.658750000000000391e-01 4.636194640742803585e+01 2.080634492569559768e+01 7.780523254643173914e+01 1.462139110565662122e+03 1.326522979461420562e+02
4.683500000000000441e-01 4.725148044108618706e+01 2.104222837903747489e+01 7.903866042087543065e+01 1.464420879512731062e+03 1.344312606872034905e+02
4.708250000000000490e-01 4.814555837876116584e+01 2.127994710383990551e+01 8.028136567650187772e+01 1.466552625979696359e+03 1.361577214011977048e+02
4.733000000000000540e-01 4.904413911773269774e+01 2.151939131709721664e+01 8.153331331605374999e+01 1.468534936385842229e+03 1.378330523831368453e+02
4.757750000000000590e-01 4.994718171023669129e+01 2.176045531519037013e+01 8.279446804513906955e+01 1.470368431902803195e+03 1.394585981669313810e+02
4.782500000000000639e-01 5.085464536718768613e+01 2.200303734090140040e+01 8.406479428808899002e+01 1.472053766705670114e+03 1.410356751767039327e+02
4.807250000000000689e-01 5.176648946178920596e+01 2.224703945328041144e+01 8.534425620349054498e+01 1.473591626518883913e+03 1.425655715068121197e+02
4.832000000000000739e-01 5.268267353304258904e+01 2.249236740067827967e+01 8.663281769938629395e+01 1.474982727826425844e+03 1.440495468140530591e+02
4.856750000000000234e-01 5.360315728914702049e+01 2.273893049683005074e+01 8.793044244814797139e+01 1.476227816906347243e+03 1.454888322659374467e+02
4.881500000000000283e-01 5.452790061079974748e+01 2.298664150010442597e+01 8.923709390101669214e+01 1.477327668586463460e+03 1.468846305997654440e+02
4.906250000000000333e-01 5.545686355438851933e+01 2.323541649598935166e+01 9.055273530231573886e+01 1.478283084781623074e+03 1.482381162501371250e+02
4.931000000000000383e-01 5.639000635508296000e+01 2.348517478278004589e+01 9.187732970333217963e+01 1.479094893621577967e+03 1.495504355363611637e+02
4.955750000000000433e-01 5.732728942981736964e+01 2.373583876050972563e+01 9.321083997587328440e+01 1.479763948678181805e+03 1.508227068954170420e+02
4.980500000000000482e-01 5.826867338017780185e+01 2.398733382304123651e+01 9.455322882549364749e+01 1.480291127336329055e+03 1.520560211820190091e+02
5.005249999999999977e-01 5.921411899518113842e+01 2.423958825343278534e+01 9.590445880439790471e+01 1.480677330017305394e+03 1.532514419995656851e+02
5.030000000000000027e-01 6.016358725395446072e+01 2.449253312237549451e+01 9.726449232402319467e+01 1.480923479390004786e+03 1.544100060605056797e+02
5.054750000000000076e-01 6.111703932831642305e+01 2.474610218981416665e+01 9.863329166729619146e+01 1.481030518600615778e+03 1.555327236063955922e+02
5.079500000000000126e-01 6.207443658525494357e+01 2.500023180965093417e+01 1.000108190005757933e+02 1.480999410781796087e+03 1.566205788225767321e+02
5.104250000000000176e-01 6.303574058930655610e+01 2.525486083743155774e+01 1.013970363852804439e+02 1.480831138423364564e+03 1.576745302839657086e+02
5.129000000000000226e-01 6.400091310484185669e+01 2.550993054103859237e+01 1.027919057892009960e+02 1.480526701720651090e+03 1.586955114301646290e+02
5.153750000000000275e-01 6.496991609825067826e+01 2.576538451428819698e+01 1.041953890975057675e+02 1.480087117619002584e+03 1.596844310524457740e+02
5.178500000000000325e-01 6.594271174003233682e+01 2.602116859340150157e+01 1.056074481234414861e+02 1.479513419257453506e+03 1.606421737811015191e+02
5.203250000000000375e-01 6.691926240679129023e+01 2.627723077621504899e+01 1.070280446187299503e+02 1.478806655008242160e+03 1.615696005889458604e+02
5.228000000000000425e-01 6.789953068314093798e+01 2.653352114415682195e+01 1.084571402836696734e+02 1.477967887501989480e+03 1.624675493033363693e+02
5.252750000000000474e-01 6.888347936351408407e+01 2.678999178683192994e+01 1.098946967769398952e+02 1.476998192719367125e+03 1.633368351240853258e+02
5.277500000000000524e-01 6.987107145388461049e+01 2.704659672924033487e+01 1.113406757251177623e+02 1.475898658896539473e+03 1.641782511387573322e+02
5.302250000000000574e-01 7.086227017339763279e+01 2.730329186144860287e+01 1.127950387319082211e+02 1.474670385921329398e+03 1.649925688323396571e+02
5.327000000000000624e-01 7.185703895591211676e+01 2.756003487073377656e+01 1.142577473870948097e+02 1.473314484745286109e+03 1.657805386087875945e+02
5.351750000000000673e-01 7.285534145145868479e+01 2.781678517608066414e+01 1.157287632752105537e+02 1.471832076540078788e+03 1.665428903077323923e+02
5.376500000000000723e-01 7.385714152761090645e+01 2.807350386500248973e+01 1.172080479839390819e+02 1.470224291267404851e+03 1.672803337137772814e+02
5.401250000000000773e-01 7.486240327077598522e+01 2.833015363256301100e+01 1.186955631122456225e+02 1.468492267320666542e+03 1.679935590535570782e+02
5.426000000000000822e-01 7.587109098739438195e+01 2.858669872256022160e+01 1.201912702782512952e+02 1.466637151438608953e+03 1.686832375006202369e+02
5.450750000000000872e-01 7.688316920507315899e+01 2.884310487081591035e+01 1.216951311268394420e+02 1.464660096872010854e+03 1.693500216762810737e+02
5.475500000000000922e-01 7.789860267362598734e+01 2.909933925049832837e+01 1.232071073370178738e+02 1.462562263302870406e+03 1.699945461231438628e+02
5.500250000000000972e-01 7.891735636604471438e+01 2.935537041935611668e+01 1.247271606290288446e+02 1.460344816387480705e+03 1.706174277867019100e+02
5.525000000000001021e-01 7.993939547939169188e+01 2.961116826890305376e+01 1.262552527712142592e+02 1.458008926437613354e+03 1.712192664925309487e+02
5.549750000000001071e-01 8.096468543561763909e+01 2.986670397539715793e+01 1.277913455866452068e+02 1.455555768144728518e+03 1.718006454021990237e+02
5.574500000000000011e-01 8.199319188230640520e+01 3.012194995260704999e+01 1.293354009595154821e+02 1.452986520123587752e+03 1.723621314689320911e+02
5.599250000000000060e-01 8.302488069334879128e+01 3.037687980627657680e+01 1.308873808413087545e+02 1.450302364127687724e+03 1.729042758738255543e+02
5.624000000000000110e-01 8.405971796954736419e+01 3.063146829022693041e+01 1.324472472567395016e+02 1.447504484271965566e+03 1.734276144712741825e+02
5.648750000000000160e-01 8.509767003915044370e+01 3.088569126409592513e+01 1.340149623094760045e+02 1.444594066787664815e+03 1.739326682098552794e+02
5.673500000000000210e-01 8.613870345832197017e+01 3.113952565255711491e+01 1.355904881876509762e+02 1.441572299514791212e+03 1.744199435465498311e+02
5.698250000000000259e-01 8.718278501154463811e+01 3.139294940607496542e+01 1.371737871691601640e+02 1.438440371101203937e+03 1.748899328460466620e+02
5.723000000000000309e-01 8.822988171196084295e+01 3.164594146301818256e+01 1.387648216267584758e+02 1.435199470501070664e+03 1.753431147891844546e+02
5.747750000000000359e-01 8.927996080164916748e+01 3.189848171326028137e+01 1.403635540329576088e+02 1.431850786859184382e+03 1.757799547475837869e+02
5.772500000000000409e-01 9.033298975184266055e+01 3.215055096296774906e+01 1.419699469647648584e+02 1.428395508765961722e+03 1.762009051805673039e+02
5.797250000000000458e-01 9.138893626308777129e+01 3.240213090087038950e+01 1.435839631080515346e+02 1.424834823509328999e+03 1.766064059801519193e+02
5.822000000000000508e-01 9.244776826534371139e+01 3.265320406550300447e+01 1.452055652620866795e+02 1.421169917260260718e+03 1.769968848179745464e+02
5.846750000000000558e-01 9.350945391802770246e+01 3.290375381387220699e+01 1.468347163435508946e+02 1.417401974541830214e+03 1.773727575369318004e+02
5.871500000000000608e-01 9.457396161000656321e+01 3.315376429115988799e+01 1.484713793905400507e+02 1.413532177182134774e+03 1.777344284521491886e+02
5.896250000000000657e-01 9.564125995953304482e+01 3.340322040153472472e+01 1.501155175663632235e+02 1.409561704577230103e+03 1.780822906937021628e+02
5.921000000000000707e-01 9.671131781413055251e+01 3.365210778006319003e+01 1.517670941631765800e+02 1.405491733262105527e+03 1.784167265311328094e+02
5.945750000000000757e-01 9.778410425043171017e+01 3.390041276562249806e+01 1.534260726054525321e+02 1.401323436282463035e+03 1.787381076766421586e+02
5.970500000000000806e-01 9.885958857396144595e+01 3.414812237480138180e+01 1.550924164532935947e+02 1.397057983031314961e+03 1.790467955948896588e+02
5.995250000000000856e-01 9.993774031888142417e+01 3.439522427677159300e+01 1.567660894055893550e+02 1.392696538750289847e+03 1.793431417940919061e+02
6.020000000000000906e-01 1.010185292476785435e+02 3.464170676904724644e+01 1.584470553030263318e+02 1.388240264513526881e+03 1.796274881110416572e+02
6.044750000000000956e-01 1.021019253508195561e+02 3.488755875415235863e+01 1.601352781309527700e+02 1.383690316834813984e+03 1.799001669982491194e+02
6.069500000000001005e-01 1.031878988463527094e+02 3.513276971713792562e+01 1.618307220221006446e+02 1.379047847208662233e+03 1.801615017811130883e+02
6.094250000000001055e-01 1.042764201794773271e+02 3.537732970388270815e+01 1.635333512591707859e+02 1.374314001565846866e+03 1.804118069266067721e+02
6.119000000000001105e-01 1.053674600220626871e+02 3.562122930023494405e+01 1.652431302772870367e+02 1.369489921037672048e+03 1.806513883015169029e+02
6.143750000000000044e-01 1.064609892721357483e+02 3.586445961187012443e+01 1.669600236663192163e+02 1.364576740969604316e+03 1.808805434139541717e+02
6.168500000000000094e-01 1.075569790533302239e+02 3.610701224490719596e+01 1.686839961730796631e+02 1.359575590019587708e+03 1.810995616540129447e+02
6.193250000000000144e-01 1.086554007142920000e+02 3.634887928720306149e+01 1.704150127034013167e+02 1.354487591603810415e+03 1.813087245298546293e+02
6.218000000000000194e-01 1.097562258280584047e+02 3.659005329035871057e+01 1.721530383240954052e+02 1.349313862499567449e+03 1.815083058965397811e+02
6.242750000000000243e-01 1.108594261913988248e+02 3.683052725235148728e+01 1.738980382647949909e+02 1.344055512508147103e+03 1.816985721604647779e+02
6.267500000000000293e-01 1.119649738241203067e+02 3.707029460078243233e+01 1.756499779196886948e+02 1.338713645300982080e+03 1.818797825080898178e+02
6.292250000000000343e-01 1.130728409683470090e+02 3.730934917678442986e+01 1.774088228491451673e+02 1.333289357348589647e+03 1.820521891124518845e+02
6.317000000000000393e-01 1.141830000877644125e+02 3.754768521945706539e+01 1.791745387812355830e+02 1.327783737842999471e+03 1.822160373219946621e+02
6.341750000000000442e-01 1.152954238668357902e+02 3.778529735088810781e+01 1.809470916131538161e+02 1.322197868842876005e+03 1.823715658634317265e+02
6.366500000000000492e-01 1.164100852099902568e+02 3.802218056171221860e+01 1.827264474125402103e+02 1.316532825127886781e+03 1.825190070271409297e+02
6.391250000000000542e-01 1.175269572407828491e+02 3.825833019718479022e+01 1.845125724187099649e+02 1.310789674051468410e+03 1.826585868559803032e+02
6.416000000000000592e-01 1.186460133010307345e+02 3.849374194377733716e+01 1.863054330437901172e+02 1.304969474909605651e+03 1.827905253102118195e+02
6.440750000000000641e-01 1.197672269499209960e+02 3.872841181620263740e+01 1.881049958737700081e+02 1.299073279240805050e+03 1.829150364520666017e+02
6.465500000000000691e-01 1.208905719630959084e+02 3.896233614498979136e+01 1.899112276694636421e+02 1.293102130974666807e+03 1.830323286149008197e+02
6.490250000000000741e-01 1.220160223317154760e+02 3.919551156442719275e+01 1.917240953673923514e+02 1.287057065995677249e+03 1.831426045494043535e+02
6.515000000000000790e-01 1.231435522614972342e+02 3.942793500097610604e+01 1.935435660805854923e+02 1.280939111959776938e+03 1.832460615966857347e+02
6.539750000000000840e-01 1.242731361717353593e+02 3.965960366210106969e+01 1.953696070993049716e+02 1.274749288162255652e+03 1.833428918271207522e+02
6.564500000000000890e-01 1.254047486942984051e+02 3.989051502546442407e+01 1.972021858916956489e+02 1.268488605701437564e+03 1.834332822039293092e+02
6.589250000000000940e-01 1.265383646726081679e+02 4.012066682858211664e+01 1.990412701043640027e+02 1.262158067545285348e+03 1.835174147180473767e+02
6.614000000000000989e-01 1.276739591606008162e+02 4.035005705875315840e+01 2.008868275628873334e+02 1.255758668256911960e+03 1.835954665176596734e+02
6.638750000000001039e-01 1.288115074216700577e+02 4.057868394342055041e+01 2.027388262722561194e+02 1.249291393730915161e+03 1.836676100659269935e+02
6.663500000000001089e-01 1.299509849275934812e+02 4.080654594086015408e+01 2.045972344172507746e+02 1.242757221013846674e+03 1.837340132555644061e+02
6.688250000000001139e-01 1.310923673574422992e+02 4.103364173117725500e+01 2.064620203627597448e+02 1.236157118920079256e+03 1.837948395350237831e+02
6.713000000000000078e-01 1.322356305964756302e+02 4.125997020764560830e+01 2.083331526540343930e+02 1.229492048008899474e+03 1.838502480418756591e+02
6.737750000000000128e-01 1.333807507350240940e+02 4.148553046835748148e+01 2.102106000168873834e+02 1.222762959675865659e+03 1.839003937241319306e+02
6.762500000000000178e-01 1.345277040673552165e+02 4.171032180817222468e+01 2.120943313578104608e+02 1.215970796454109404e+03 1.839454274270493102e+02
6.787250000000000227e-01 1.356764670905283765e+02 4.193434371087819557e+01 2.139843157641721518e+02 1.209116492527214632e+03 1.839854960453644708e+02
6.812000000000000277e-01 1.368270165032367913e+02 4.215759584180123909e+01 2.158805225040819096e+02 1.202200973327515612e+03 1.840207426278969365e+02
6.836750000000000327e-01 1.379793292046399529e+02 4.238007804049655647e+01 2.177829210265035726e+02 1.195225155239987544e+03 1.840513064488385169e+02
6.861500000000000377e-01 1.391333822931824216e+02 4.260179031379536241e+01 2.196914809611638475e+02 1.188189946111941708e+03 1.840773231423444543e+02
6.886250000000000426e-01 1.402891530654051166e+02 4.282273282907758016e+01 2.216061721184466933e+02 1.181096244880796348e+03 1.840989247967737583e+02
6.911000000000000476e-01 1.414466190147466023e+02 4.304290590779017123e+01 2.235269644892453016e+02 1.173944941919991834e+03 1.841162400424600492e+02
6.935750000000000526e-01 1.426057578303336868e+02 4.326231001916593044e+01 2.254538282447722395e+02 1.166736918757437479e+03 1.841293941523803710e+02
6.960500000000000576e-01 1.437665473957697486e+02 4.348094577420899043e+01 2.273867337363258230e+02 1.159473047411143170e+03 1.841385091412741417e+02
6.985250000000000625e-01 1.449289657879055540e+02 4.369881391986717745e+01 2.293256514950244309e+02 1.152154192009979624e+03 1.841437038402898736e+02
7.010000000000000675e-01 1.460929912756132580e+02 4.391591533340368869e+01 2.312705522314975042e+02 1.144781207967303544e+03 1.841450939889203937e+02
7.034750000000000725e-01 1.472586023185488102e+02 4.413225101698803599e+01 2.332214068355416430e+02 1.137354941470802032e+03 1.841427923201793533e+02
7.059500000000000774e-01 1.484257775659091294e+02 4.434782209246164086e+01 2.351781863757463498e+02 1.129876230129249052e+03 1.841369086413299385e+02
7.084250000000000824e-01 1.495944958551854143e+02 4.456262979630412957e+01 2.371408620990828240e+02 1.122345902791234266e+03 1.841275499105837241e+02
7.109000000000000874e-01 1.507647362109091773e+02 4.477667547475682852e+01 2.391094054304642214e+02 1.114764779512812083e+03 1.841148203120326912e+02
7.133750000000000924e-01 1.519364778433973697e+02 4.498996057913554836e+01 2.410837879722739672e+02 1.107133671945606238e+03 1.840988213420418447e+02
7.158500000000000973e-01 1.531097001474888657e+02 4.520248666131980997e+01 2.430639815038684901e+02 1.099453383299114194e+03 1.840796518674006563e+02
7.183250000000001023e-01 1.542843827012854945e+02 4.541425536935864926e+01 2.450499579810465320e+02 1.091724707654676195e+03 1.840574081943206011e+02
7.208000000000001073e-01 1.554605052648803394e+02 4.562526844327175723e+01 2.470416895355010638e+02 1.083948430831058204e+03 1.840321841540495029e+02
7.232750000000001123e-01 1.566380477790926307e+02 4.583552771099874690e+01 2.490391484742385728e+02 1.076125330144838244e+03 1.840040711502734894e+02
7.257500000000001172e-01 1.578169903641942255e+02 4.604503508444966542e+01 2.510423072789775460e+02 1.068256174338948767e+03 1.839731582346595076e+02
7.282250000000000112e-01 1.589973133186383620e+02 4.625379255576235948e+01 2.530511386055271714e+02 1.060341723780451957e+03 1.839395321612722114e+02
7.307000000000000162e-01 1.601789971177856842e+02 4.646180219360698516e+01 2.550656152831378449e+02 1.052382730360276810e+03 1.839032774528628806e+02
7.331750000000000211e-01 1.613620224126291305e+02 4.666906613971914908e+01 2.570857103138386037e+02 1.044379937743049823e+03 1.838644764650176739e+02
7.356500000000000261e-01 1.625463700285199593e+02 4.687558660546947920e+01 2.591113968717490934e+02 1.036334081087364666e+03 1.838232094291453507e+02
7.381250000000000311e-01 1.637320209638919550e+02 4.708136586860936745e+01 2.611426483023766423e+02 1.028245887384928210e+03 1.837795545158926700e+02
7.406000000000000361e-01 1.649189563889869987e+02 4.728640627009433217e+01 2.631794381218942362e+02 1.020116075696153644e+03 1.837335878939419729e+02
7.430750000000000410e-01 1.661071576445810933e+02 4.749071021106819046e+01 2.652217400164034871e+02 1.011945356632859443e+03 1.836853837764988100e+02
7.455500000000000460e-01 1.672966062407122081e+02 4.769428014989277642e+01 2.672695278411781601e+02 1.003734432479747170e+03 1.836350144706292724e+02
7.480250000000000510e-01 1.684872838554065311e+02 4.789711859934065785e+01 2.693227756198973566e+02 9.954839979918605195e+02 1.835825504312422822e+02
7.505000000000000560e-01 1.696791723334099515e+02 4.809922812383956625e+01 2.713814575438631209e+02 9.871947395140156232e+02 1.835280603144395570e+02
7.529750000000000609e-01 1.708722536849195421e+02 4.830061133687406993e+01 2.734455479712013357e+02 9.788673354503296196e+02 1.834716110098478055e+02
7.554500000000000659e-01 1.720665100843152686e+02 4.850127089838885297e+01 2.755150214260573875e+02 9.705024571890290872e+02 1.834132676960439596e+02
7.579250000000000709e-01 1.732619238688998848e+02 4.870120951239657359e+01 2.775898525977710278e+02 9.621007673281153529e+02 1.833530938881120846e+02
7.604000000000000759e-01 1.744584775376360994e+02 4.890042992456609738e+01 2.796700163400481642e+02 9.536629204004872236e+02 1.832911514703295666e+02
7.628750000000000808e-01 1.756561537498869257e+02 4.909893491997948445e+01 2.817554876701187823e+02 9.451895643040870709e+02 1.832275007504439657e+02
7.653500000000000858e-01 1.768549353241628523e+02 4.929672732091311360e+01 2.838462417678847487e+02 9.366813388273710643e+02 1.831622004869684872e+02
7.678250000000000908e-01 1.780548052368699246e+02 4.949380998472567228e+01 2.859422539750588612e+02 9.281388759316145070e+02 1.830953079395532654e+02
7.703000000000000957e-01 1.792557466210605526e+02 4.969018580181730727e+01 2.880434997942979862e+02 9.195628005766972137e+02 1.830268789073311950e+02
7.727750000000001007e-01 1.804577427651913695e+02 4.988585769366647327e+01 2.901499548883250554e+02 9.109537299022174466e+02 1.829569677563279413e+02
7.752500000000001057e-01 1.816607771118817709e+02 5.008082861091173044e+01 2.922615950790442412e+02 9.023122734633373057e+02 1.828856274631716303e+02
7.777250000000001107e-01 1.828648332566788213e+02 5.027510153154359074e+01 2.943783963466534033e+02 8.936390341289287562e+02 1.828129096579607165e+02
7.802000000000001156e-01 1.840698949468248884e+02 5.046867945913653841e+01 2.965003348287448262e+02 8.849346069269046211e+02 1.827388646432073074e+02
7.826750000000001206e-01 1.852759460800336910e+02 5.066156542113765937e+01 2.986273868194035686e+02 8.761995797287686401e+02 1.826635414340370005e+02
7.851500000000001256e-01 1.864829707032629358e+02 5.085376246723844673e+01 3.007595287683013794e+02 8.674345338759436572e+02 1.825869877961632710e+02
7.876250000000000195e-01 1.876909530115046891e+02 5.104527366779583986e+01 3.028967372797824282e+02 8.586400427504048594e+02 1.825092502746311425e+02
7.901000000000000245e-01 1.888998773465659724e+02 5.123610211231463296e+01 3.050389891119504000e+02 8.498166734899189123e+02 1.824303742238365089e+02
7.925750000000000295e-01 1.901097281958680014e+02 5.142625090797977805e+01 3.071862611757444483e+02 8.409649858407351530e+02 1.823504038286026230e+02
7.950500000000000345e-01 1.913204901912417881e+02 5.161572317822915323e+01 3.093385305340195828e+02 8.320855326247635730e+02 1.822693821514349111e+02
7.975250000000000394e-01 1.925321481077321550e+02 5.180452206142907556e+01 3.114957744006189841e+02 8.266697175624562988e+02 1.821873511562473311e+02
8.000000000000000444e-01 1.937446868624108447e+02 5.199265070953889989e+01 3.136579701394454105e+02 8.247172408146411726e+02 1.821028175173618706e+02
