# n_fm^-3 epsilon_MeVfm^-3 P_MeVfm^-3
1.512790062028028081e-03 1.422123350125941377e+00 8.326518679011129642e-04
1.529124085396230430e-03 1.437487642793574771e+00 8.451100966813349666e-04
1.587176238748534002e-03 1.492093802483936749e+00 8.898572382530909501e-04
1.647432302523166780e-03 1.548774787379043394e+00 9.367814755396064192e-04
1.709975946676698050e-03 1.607609451150737501e+00 9.859731052072025562e-04
1.774894017638545957e-03 1.668679644570983944e+00 1.037524872576952055e-03
1.842276658903622098e-03 1.732070329387174201e+00 1.091531922573853002e-03
1.912217436203150116e-03 1.797869696517828020e+00 1.148091738172160939e-03
1.984813467427554764e-03 1.866169288733438458e+00 1.207304064260946363e-03
2.060165557481753989e-03 1.937064127991210860e+00 1.269270816845234975e-03
2.138378338260152334e-03 2.010652847600800541e+00 1.334095975687006868e-03
2.219560413935688873e-03 2.087037829402787814e+00 1.401885460470834706e-03
2.303824511764681303e-03 2.166325346149948761e+00 1.472746989242335438e-03
2.391287638616880051e-03 2.248625709288585739e+00 1.546789917898943071e-03
2.482071243448062681e-03 2.334053422343624451e+00 1.624125060593624654e-03
2.576301385940816657e-03 2.422727340119694261e+00 1.704864490315071476e-03
2.674108911547631341e-03 2.514770833937935546e+00 1.789121319480273904e-03
2.775629633179387337e-03 2.610311963137911029e+00 1.877009459411376575e-03
2.881004519791532242e-03 2.709483653080249521e+00 1.968643360133834602e-03
2.990379892129794558e-03 2.812423879896926326e+00 2.064137730065678661e-03
3.103907625907256513e-03 2.919275862244903763e+00 2.163607236017355950e-03
3.221745362694890431e-03 3.030188260327153493e+00 2.267166185859916146e-03
3.344056728818439825e-03 3.145315382457629205e+00 2.374928194343638513e-03
3.471011562565543603e-03 3.264817399454957858e+00 2.487005835456186035e-03
3.602786150018634850e-03 3.388860567162340853e+00 2.603510283777473594e-03
3.739563469841074902e-03 3.517617457401060577e+00 2.724550949610240330e-03
3.881533447356427021e-03 3.651267197678789600e+00 2.850235111798610742e-03
4.028893218273676448e-03 3.789995719983559663e+00 2.980667556068192139e-03
4.181847402424576990e-03 3.933996019010319589e+00 3.115950224831923621e-03
4.340608387893316565e-03 4.083468420177255531e+00 3.256181889379327482e-03
4.505396625932862886e-03 4.238620857805742936e+00 3.401457854244787846e-03
4.676440937077717963e-03 4.399669163850671971e+00 3.551869707778350285e-03
4.853978828877963773e-03 4.566837367583916674e+00 3.707505134246990523e-03
5.038256825695888036e-03 4.740358006649268319e+00 3.868447806198761513e-03
5.229530811023119785e-03 4.920472449924242042e+00 4.034777378459832725e-03
5.428066382793566430e-03 5.107431232641092222e+00 4.206569609259894552e-03
5.634139222185649901e-03 5.301494404238146885e+00 4.383896637572898096e-03
5.848035476425734493e-03 5.502931889430681345e+00 4.566827451241689713e-03
6.070052156124562323e-03 5.712023863012031910e+00 4.755428584503399586e-03
6.300497547698204887e-03 5.929061138914950568e+00 4.949765090887010659e-03
6.539691641446334670e-03 6.154345574086366177e+00 5.149901843164687507e-03
6.787966575882186000e-03 6.388190487751773006e+00 5.355905219710102756e-03
7.045667098931172531e-03 6.630921096668666692e+00 5.567845246026993135e-03
7.313151046638697618e-03 6.882874966995212063e+00 5.785798268905207979e-03
7.590789840051600026e-03 7.144402483427353623e+00 6.009850250738948442e-03
7.878969000963586405e-03 7.415867336283186617e+00 6.240100786998761459e-03
8.178088687240363600e-03 7.697647027249352902e+00 6.476667956440769654e-03
8.488564248468211809e-03 7.990133394527442867e+00 6.719694137574450978e-03
8.810826802697267063e-03 8.293733158159778185e+00 6.969352933165592380e-03
9.145323835080501618e-03 8.608868486344148252e+00 7.225857368145114680e-03
9.492519819239639278e-03 8.935977583586103279e+00 7.489469545332760186e-03
9.852896862220733923e-03 9.275515301577753391e+00 7.760511964911551153e-03
1.022695537393521724e-02 9.627953773732757625e+00 8.039380740516858387e-03
1.061521476201555785e-02 9.993783074352478479e+00 8.326560970539428549e-03
1.101821415305090368e-02 1.037351190344547192e+01 8.622644555139672568e-03
1.143651314120377842e-02 1.076766829827367467e+01 8.928350780338151563e-03
1.187069256524755576e-02 1.117680037275079918e+01 9.244550029243604750e-03
1.232135531510361766e-02 1.160147708587712678e+01 9.572291017773158078e-03
1.278912716899817566e-02 1.204228904045461412e+01 9.912831996226433365e-03
1.327465766240114309e-02 1.249984931339102445e+01 1.026767640414103129e-02
1.377862098995370418e-02 1.297479431897366275e+01 1.063861351323205570e-02
1.430171694163691505e-02 1.346778470656068727e+01 1.102776465215292608e-02
1.484467187448136605e-02 1.397950629422470037e+01 1.143763565628073790e-02
1.540823972116708157e-02 1.451067103996002139e+01 1.187117625200569820e-02
1.599320303691426429e-02 1.506201805215955147e+01 1.233184714377494502e-02
1.660037408611848495e-02 1.563431464115764058e+01 1.282369564221151614e-02
1.723059597023931730e-02 1.622835741374165153e+01 1.335144073479678506e-02
1.788474379850842413e-02 1.684497341263787007e+01 1.392056857440153624e-02
1.856372590308277837e-02 1.748502130309603331e+01 1.453743942644597845e-02
1.926848510033042639e-02 1.814939260881470418e+01 1.520940718692724916e-02
2.000000000000000042e-02 1.883901299958098363e+01 1.594495264600171922e-02
2.066666666666666652e-02 1.946752315883394502e+01 1.665253318138616712e-02
2.133333333333333262e-02 2.009605675720329643e+01 1.739886369638038444e-02
2.199999999999999872e-02 2.072461432159373729e+01 1.818706325025778656e-02
2.266666666666666829e-02 2.135319644123190841e+01 1.902023075206138447e-02
2.333333333333333440e-02 2.198180376150982696e+01 1.990144086121177144e-02
2.400000000000000050e-02 2.261043697842150735e+01 2.083374027258232120e-02
2.466666666666666660e-02 2.323909683351958222e+01 2.182014434143513676e-02
2.533333333333333270e-02 2.386778410933004224e+01 2.286363400989447833e-02
2.600000000000000228e-02 2.449649962517272428e+01 2.396715300135975751e-02
2.666666666666666491e-02 2.512524423334217616e+01 2.513360525459718345e-02
2.733333333333333448e-02 2.575401881560836514e+01 2.636585257409060357e-02
2.800000000000000058e-02 2.638282428000503543e+01 2.766671247373000270e-02
2.866666666666666669e-02 2.701166155787393919e+01 2.903895619741387463e-02
2.933333333333333279e-02 2.764053160114042385e+01 3.048530689912210684e-02
2.999999999999999889e-02 2.826943537979722620e+01 3.200843796906260169e-02
3.066666666666666846e-02 2.889837387957589243e+01 3.361097149380058713e-02
3.133333333333333109e-02 2.952734809978881358e+01 3.529547683930620711e-02
3.200000000000000067e-02 3.015635905132625183e+01 3.706446934696634721e-02
3.266666666666666330e-02 3.078540775479392266e+01 3.892040913508106048e-02
3.333333333333333287e-02 3.141449523877949801e+01 4.086569999735454456e-02
3.400000000000000244e-02 3.204362253823628492e+01 4.290268839243542576e-02
3.466666666666666508e-02 3.267279069297541128e+01 4.503366251773824325e-02
3.533333333333333465e-02 3.330200074625629725e+01 4.726085146300228190e-02
3.600000000000000422e-02 3.393125374346863765e+01 4.958642443793175730e-02
3.666666666666666685e-02 3.456055073089811458e+01 5.201249007063228624e-02
3.733333333333332948e-02 3.518989275457060728e+01 5.454109578400702374e-02
3.799999999999999906e-02 3.581928085916673865e+01 5.717422717504185015e-02
3.866666666666666863e-02 3.644871608700413645e+01 5.991380756705445149e-02
3.933333333333333126e-02 3.707819947708127728e+01 6.276169751073154557e-02
4.000000000000000083e-02 3.770773206417885604e+01 6.571969438904104455e-02
4.066666666666667040e-02 3.833731487801454563e+01 6.878953206450798274e-02
4.133333333333333304e-02 3.896694894244813412e+01 7.197288057407155715e-02
4.199999999999999567e-02 3.959663527473338007e+01 7.527134587079781225e-02
4.266666666666666524e-02 4.022637488481291967e+01 7.868646961093936354e-02
4.333333333333333481e-02 4.085616877465592012e+01 8.221972898130983087e-02
4.399999999999999745e-02 4.148601793763183565e+01 8.587253657053706135e-02
4.466666666666666702e-02 4.211592335792267505e+01 8.964624027650486271e-02
4.533333333333333659e-02 4.274588600996796117e+01 9.354212325355425184e-02
4.599999999999999922e-02 4.337590685794199885e+01 9.756140389488784925e-02
4.666666666666666186e-02 4.400598685526204434e+01 1.017052358495487557e-01
4.733333333333333143e-02 4.463612694412448434e+01 1.059747080733116076e-01
4.800000000000000100e-02 4.526632805506811508e+01 1.103708449117482282e-01
4.866666666666666363e-02 4.589659110656323548e+01 1.148946062140445423e-01
4.933333333333333320e-02 4.652691700462536062e+01 1.195468874762890543e-01
5.000000000000000278e-02 4.715730664245121062e+01 1.243285200143334768e-01
5.066666666666666541e-02 4.778776090007712440e+01 1.292402711635602941e-01
5.133333333333332804e-02 4.841828064405788012e+01 1.342828445060014475e-01
5.200000000000000455e-02 4.904886672716615692e+01 1.394568801221296450e-01
5.266666666666666718e-02 4.967951998810949021e+01 1.447629548684325473e-01
5.333333333333332982e-02 5.031024125126646851e+01 1.502015826781537555e-01
5.399999999999999245e-02 5.094103132643908083e+01 1.557732148852850607e-01
5.466666666666666896e-02 5.157189100862238718e+01 1.614782405700868617e-01
5.533333333333333159e-02 5.220282107778835012e+01 1.673169869270416110e-01
5.599999999999999423e-02 5.283382229868654179e+01 1.732897196516186566e-01
5.666666666666667074e-02 5.346489542065733502e+01 1.793966433480838896e-01
5.733333333333333337e-02 5.409604117745978868e+01 1.856379019555880749e-01
5.799999999999999600e-02 5.472726028711208102e+01 1.920135791926276814e-01
5.866666666666667251e-02 5.535855345174511655e+01 1.985236990187457529e-01
5.933333333333333515e-02 5.598992135746737375e+01 2.051682261132850293e-01
5.999999999999999778e-02 5.662136467424187458e+01 2.119470663702937574e-01
6.066666666666666041e-02 5.725288405577376238e+01 2.188600674086087494e-01
6.133333333333333692e-02 5.788448013940904247e+01 2.259070190971014247e-01
6.199999999999999956e-02 5.851615354604302155e+01 2.330876540937907304e-01
6.266666666666666219e-02 5.914790488003899327e+01 2.404016483988828112e-01
6.333333333333333870e-02 5.977973472915545017e+01 2.478486219213875130e-01
6.400000000000000133e-02 6.041164366448390410e+01 2.554281390566944809e-01
6.466666666666666397e-02 6.104363224039393998e+01 2.631397092781321279e-01
6.533333333333332660e-02 6.167570099448725784e+01 2.709827877386582484e-01
6.600000000000000311e-02 6.230785044756035518e+01 2.789567758835537203e-01
6.666666666666666574e-02 6.294008110357367514e+01 2.870610220746303010e-01
6.733333333333332837e-02 6.357239344962928129e+01 2.952948222237017362e-01
6.800000000000000488e-02 6.420478795595559518e+01 3.036574204355938500e-01
6.866666666666666752e-02 6.483726507589902610e+01 3.121480096603417298e-01
6.933333333333333015e-02 6.546982524592171160e+01 3.207657323551867945e-01
6.999999999999999278e-02 6.610246888560688205e+01 3.295096811530826564e-01
7.066666666666666929e-02 6.673519639766944067e+01 3.383788995409814926e-01
7.133333333333333193e-02 6.736800816797277491e+01 3.473723825449797076e-01
7.199999999999999456e-02 6.800090456555228968e+01 3.564890774221424197e-01
7.266666666666667107e-02 6.863388594264274900e+01 3.657278843607835728e-01
7.333333333333333370e-02 6.926695263471303576e+01 3.750876571859309005e-01
7.399999999999999634e-02 6.990010496050442157e+01 3.845672040721376250e-01
7.466666666666665897e-02 7.053334322207506091e+01 3.941652882620129694e-01
7.533333333333333548e-02 7.116666770484881965e+01 4.038806287900989500e-01
7.599999999999999811e-02 7.180007867766855156e+01 4.137119012136488694e-01
7.666666666666666075e-02 7.243357639285504490e+01 4.236577383466736957e-01
7.733333333333333726e-02 7.306716108626856965e+01 4.337167310013869126e-01
7.799999999999999989e-02 7.370083297737636485e+01 4.438874287327194690e-01
7.866666666666666252e-02 7.433459226932363606e+01 4.541683405880165281e-01
7.933333333333332515e-02 7.496843914900783545e+01 4.645579358618974197e-01
8.000000000000000167e-02 7.560237378715784473e+01 4.750546448545513445e-01
8.066666666666666430e-02 7.623639633841639807e+01 4.856568596345159916e-01
8.133333333333332693e-02 7.687050694142568830e+01 4.963629348056639579e-01
8.200000000000000344e-02 7.750470571891750637e+01 5.071711882774063707e-01
8.266666666666666607e-02 7.813899277780588193e+01 5.180799020392299337e-01
8.333333333333332871e-02 7.877336820928275074e+01 5.290873229388106669e-01
8.400000000000000522e-02 7.940783208891778600e+01 5.401916634632469849e-01
8.466666666666666785e-02 8.004238447676083013e+01 5.513911025233672047e-01
8.533333333333333048e-02 8.067702541744691302e+01 5.626837862423830217e-01
8.600000000000000699e-02 8.131175494030458140e+01 5.740678287467207985e-01
8.666666666666666963e-02 8.194657305946681447e+01 5.855413129601244604e-01
8.733333333333333226e-02 8.258147977398516559e+01 5.971022914017659611e-01
8.799999999999999489e-02 8.321647506794526805e+01 6.087487869856952338e-01
8.866666666666667140e-02 8.385155891058637678e+01 6.204787938239706424e-01
8.933333333333333404e-02 8.448673125642265802e+01 6.322902780330925676e-01
8.999999999999999667e-02 8.512199204536682373e+01 6.441811785423395831e-01
9.066666666666667318e-02 8.575734120285618189e+01 6.561494079055393280e-01
9.133333333333333581e-02 8.639277863998097473e+01 6.681928531149465833e-01
9.199999999999999845e-02 8.702830425361499067e+01 6.803093764183417713e-01
9.266666666666667496e-02 8.766391792654862058e+01 6.924968161377387244e-01
9.333333333333333759e-02 8.829961952762289457e+01 7.047529874924041149e-01
9.400000000000000022e-02 8.893540891186701458e+01 7.170756834221349019e-01
9.466666666666666285e-02 8.957128592063682504e+01 7.294626754152035986e-01
9.533333333333333937e-02 9.020725038175542920e+01 7.419117143372109258e-01
9.600000000000000200e-02 9.084330210965617880e+01 7.544205312630616334e-01
9.666666666666666463e-02 9.147944090552657315e+01 7.669868383116407173e-01
9.733333333333334114e-02 9.211566655745501464e+01 7.796083294818285658e-01
9.800000000000000377e-02 9.275197884057831743e+01 7.922826814919362581e-01
9.866666666666666641e-02 9.338837751723137615e+01 8.050075546211697963e-01
9.933333333333332904e-02 9.402486233709868202e+01 8.177805935529485204e-01
1.000000000000000056e-01 9.466143303736676273e+01 8.305994282212523228e-01
1.006666666666666682e-01 9.529808934287932232e+01 8.434616746577950908e-01
1.013333333333333308e-01 9.593483096629240947e+01 8.563649358435887482e-01
1.020000000000000073e-01 9.657165760823238543e+01 8.693068025606974780e-01
1.026666666666666700e-01 9.720856895745484394e+01 8.822848542468040289e-01
1.033333333333333326e-01 9.784556469100486709e+01 8.952966598521855390e-01
1.039999999999999952e-01 9.848264447437875901e+01 9.083397786983054001e-01
1.046666666666666717e-01 9.911980796168720076e+01 9.214117613384500416e-01
1.053333333333333344e-01 9.975705479581972668e+01 9.345101504204618159e-01
1.059999999999999970e-01 1.003943846086107072e+02 9.476324815509151733e-01
1.066666666666666735e-01 1.010317970210058149e+02 9.607762841617477623e-01
1.073333333333333361e-01 1.016692916432308067e+02 9.739390823782394513e-01
1.079999999999999988e-01 1.023068680749607751e+02 9.871183958885521026e-01
1.086666666666666614e-01 1.029445259054910906e+02 1.000311740814928241e+00
1.093333333333333379e-01 1.035822647139087138e+02 1.013516630587141254e+00
1.100000000000000006e-01 1.042200840692657096e+02 1.026730576816015095e+00
1.106666666666666632e-01 1.048579835307533870e+02 1.039951090169314085e+00
1.113333333333333397e-01 1.054959626478766950e+02 1.053175681248730511e+00
1.120000000000000023e-01 1.061340209606313181e+02 1.066401861467952461e+00
1.126666666666666650e-01 1.067721579996803740e+02 1.079627143931530586e+00
1.133333333333333276e-01 1.074103732865332432e+02 1.092849044314694096e+00
1.140000000000000041e-01 1.080486663337240287e+02 1.106065081745005507e+00
1.146666666666666667e-01 1.086870366449924887e+02 1.119272779683011976e+00
1.153333333333333294e-01 1.093254837154650971e+02 1.132469666804350350e+00
1.160000000000000059e-01 1.099640070318364735e+02 1.145653277883399879e+00
1.166666666666666685e-01 1.106026060725531153e+02 1.158821154674840370e+00
1.173333333333333311e-01 1.112412803079968313e+02 1.171970846797308674e+00
1.179999999999999938e-01 1.118800292006694832e+02 1.185099912616220719e+00
1.186666666666666703e-01 1.125188522053783231e+02 1.198205920126993451e+00
1.193333333333333329e-01 1.131577487694222555e+02 1.211286447836993796e+00
1.199999999999999956e-01 1.137967183327794203e+02 1.224339085647909275e+00
1.206666666666666721e-01 1.144357603282940943e+02 1.237361435737106552e+00
1.213333333333333347e-01 1.150748741818656669e+02 1.250351113438506800e+00
1.219999999999999973e-01 1.157140593126376586e+02 1.263305748121775762e+00
1.226666666666666738e-01 1.163533151331880333e+02 1.276222984070435329e+00
1.233333333333333365e-01 1.169926410497189124e+02 1.289100481359455097e+00
1.239999999999999991e-01 1.176320364622484078e+02 1.301935916729792808e+00
1.246666666666666617e-01 1.182715007648016154e+02 1.314726984494653639e+00
1.253333333333333244e-01 1.189110333456035988e+02 1.327471397291198452e+00
1.260000000000000009e-01 1.195506335872718608e+02 1.340166887117648420e+00
1.266666666666666496e-01 1.201903008670093840e+02 1.352811206095030361e+00
1.273333333333333262e-01 1.208300345567989922e+02 1.365402127355647366e+00
1.280000000000000027e-01 1.214698340235972012e+02 1.377937445904535263e+00
1.286666666666666514e-01 1.221096986295288360e+02 1.390414979477473167e+00
1.293333333333333279e-01 1.227496277320828710e+02 1.402832569395515927e+00
1.300000000000000044e-01 1.233896206843068626e+02 1.415188081415995613e+00
1.306666666666666532e-01 1.240296768350032721e+02 1.427479406580041577e+00
1.313333333333333297e-01 1.246697955289257322e+02 1.439704462054828271e+00
1.320000000000000062e-01 1.253099761069752986e+02 1.451861191972910303e+00
1.326666666666666550e-01 1.259502179063970431e+02 1.463947568265563604e+00
1.333333333333333315e-01 1.265905202609769162e+02 1.475961591492541247e+00
1.339999999999999802e-01 1.272308825012392930e+02 1.487901291665273185e+00
1.346666666666666567e-01 1.278713039546431247e+02 1.499764729066513258e+00
1.353333333333333333e-01 1.285117839457809055e+02 1.511549995061660212e+00
1.359999999999999820e-01 1.291523217965746824e+02 1.523255212906912570e+00
1.366666666666666585e-01 1.297929168264746238e+02 1.534878538549330429e+00
1.373333333333333350e-01 1.304335683526560672e+02 1.546418161421218240e+00
1.379999999999999838e-01 1.310742756902172630e+02 1.557872305227640641e+00
1.386666666666666603e-01 1.317150381523769909e+02 1.569239228726496682e+00
1.393333333333333368e-01 1.323558550506718632e+02 1.580517226502211159e+00
1.399999999999999856e-01 1.329967256951539980e+02 1.591704629730688048e+00
1.406666666666666621e-01 1.336376493945879815e+02 1.602799806937660554e+00
1.413333333333333386e-01 1.342786254566483422e+02 1.613801164747549644e+00
1.419999999999999873e-01 1.349196531881159729e+02 1.624707148625135433e+00
1.426666666666666639e-01 1.355607318950751221e+02 1.635516243608336140e+00
1.433333333333333126e-01 1.362018608831098163e+02 1.646226975031120254e+00
1.439999999999999891e-01 1.368430394574997422e+02 1.656837909238592310e+00
1.446666666666666656e-01 1.374842669234158734e+02 1.667347654292177461e+00
1.453333333333333144e-01 1.381255425861162109e+02 1.677754860663932757e+00
1.459999999999999909e-01 1.387668657511403865e+02 1.688058221923095736e+00
1.466666666666666397e-01 1.394082357245039248e+02 1.698256475410272026e+00
1.473333333333333162e-01 1.400496518128931598e+02 1.708348402902414742e+00
1.479999999999999927e-01 1.406911133238575644e+02 1.718332831266403238e+00
1.486666666666666414e-01 1.413326195660033875e+02 1.728208633102590985e+00
1.493333333333333179e-01 1.419741698491855004e+02 1.737974727375808159e+00
1.499999999999999944e-01 1.426157634846994426e+02 1.747630080035882383e+00
1.506666666666666432e-01 1.432573997854719892e+02 1.757173704625744293e+00
1.513333333333333197e-01 1.438990780662516897e+02 1.766604662878787035e+00
1.519999999999999962e-01 1.445407976437985837e+02 1.775922065302128816e+00
1.526666666666666450e-01 1.451825578370720393e+02 1.785125071749916970e+00
1.533333333333333215e-01 1.458243579674197008e+02 1.794212891981818991e+00
1.539999999999999980e-01 1.464661973587641910e+02 1.803184786209598212e+00
1.546666666666666468e-01 1.471080753377883639e+02 1.812040065632066765e+00
1.553333333333333233e-01 1.477499912341221204e+02 1.820778092953790894e+00
1.559999999999999720e-01 1.483919443805251603e+02 1.829398282893311301e+00
1.566666666666666485e-01 1.490339341130710693e+02 1.837900102676146119e+00
1.573333333333333250e-01 1.496759597713292465e+02 1.846283072514653290e+00
1.579999999999999738e-01 1.503180206985453822e+02 1.854546766074115505e+00
1.586666666666666503e-01 1.509601162418227318e+02 1.862690810923978812e+00
1.593333333333333268e-01 1.516022457522993818e+02 1.870714888975899548e+00
1.599999999999999756e-01 1.522444085853273634e+02 1.878618736906117803e+00
1.606666666666666521e-01 1.528866041006475029e+02 1.886402146565594240e+00
1.613333333333333286e-01 1.535288316625661196e+02 1.894064965372008302e+00
1.619999999999999774e-01 1.541710906401273462e+02 1.901607096690820287e+00
1.626666666666666539e-01 1.548133804072866440e+02 1.909028500198612921e+00
1.633333333333333304e-01 1.554557003430817019e+02 1.916329192232663292e+00
1.639999999999999791e-01 1.560980498318017169e+02 1.923509246125505445e+00
1.646666666666666556e-01 1.567404282631563603e+02 1.930568792523745580e+00
1.653333333333333321e-01 1.573828350324422161e+02 1.937508019692222083e+00
1.659999999999999809e-01 1.580252695407080239e+02 1.944327173802622433e+00
1.666666666666666574e-01 1.586677311949188720e+02 1.951026559206640698e+00
1.673333333333333062e-01 1.593102194081179732e+02 1.957606538693937859e+00
1.679999999999999827e-01 1.599527335995879014e+02 1.964067533734305204e+00
1.686666666666666592e-01 1.605952731950088435e+02 1.970410024704948082e+00
1.693333333333333079e-01 1.612378376266169653e+02 1.976634551101255521e+00
1.699999999999999845e-01 1.618804263333592814e+02 1.982741711733777557e+00
1.706666666666666610e-01 1.625230387610478715e+02 1.988732164907858868e+00
1.713333333333333097e-01 1.631656743625127888e+02 1.994606628588139197e+00
1.719999999999999862e-01 1.638083325977517006e+02 2.000365880548899966e+00
1.726666666666666627e-01 1.644510129340789319e+02 2.006010758507686731e+00
1.733333333333333115e-01 1.650937148462728317e+02 2.011542160243289246e+00
1.739999999999999880e-01 1.657364378167200414e+02 2.016961043700158829e+00
1.746666666666666645e-01 1.663791813355596219e+02 2.022268427074413566e+00
1.753333333333333133e-01 1.670219449008233994e+02 2.027465388888733511e+00
1.759999999999999898e-01 1.676647280185767386e+02 2.032553068047374456e+00
1.766666666666666385e-01 1.683075302030546823e+02 2.037532663880545769e+00
1.773333333333333151e-01 1.689503509767984042e+02 2.042405436170679600e+00
1.779999999999999916e-01 1.695931898707886774e+02 2.047172705165366313e+00
1.786666666666666403e-01 1.702360464245772391e+02 2.051835851574826730e+00
1.793333333333333168e-01 1.708789201864165932e+02 2.056396316555335613e+00
1.799999999999999933e-01 1.715218107133877936e+02 2.060855601677709981e+00
1.824941724941724908e-01 1.739271719496042579e+02 2.076668775545975176e+00
1.849883449883449882e-01 1.763327403331344954e+02 2.091177775643458414e+00
1.874825174825174856e-01 1.787384961505539138e+02 2.104483609439442571e+00
1.899766899766899830e-01 1.811444216340754281e+02 2.116698921800504340e+00
1.924708624708624527e-01 1.835505010368420642e+02 2.127947856252979886e+00
1.949650349650349501e-01 1.859567207023087860e+02 2.138365884337005696e+00
1.974592074592074475e-01 1.883630691277010385e+02 2.148099605789258071e+00
1.999533799533799450e-01 1.907695370215751609e+02 2.157306522535871185e+00
2.024475524475524424e-01 1.931761173555397306e+02 2.166154789681022930e+00
2.049417249417249398e-01 1.955828054102358919e+02 2.174822946849924055e+00
2.074358974358974372e-01 1.979895988157073248e+02 2.183499633393595207e+00
2.099300699300699347e-01 2.003964975863256086e+02 2.192383291068974227e+00
2.124242424242424043e-01 2.028035041504656988e+02 2.201681857898616812e+00
2.149184149184149017e-01 2.052106233751605089e+02 2.211612456960707629e+00
2.174125874125873992e-01 2.076178625859865861e+02 2.222401083902030283e+00
2.199067599067598966e-01 2.100252315824632205e+02 2.234282296937944334e+00
2.224009324009323940e-01 2.124327426492683912e+02 2.247498913154014843e+00
2.248951048951048914e-01 2.148404105635979704e+02 2.262301714829129118e+00
2.273892773892773889e-01 2.172482525990122326e+02 2.278949169473545311e+00
2.298834498834498863e-01 2.196562885261356257e+02 2.297707167237120984e+00
2.323776223776223837e-01 2.220645406105866755e+02 2.318848779267794313e+00
2.348717948717948811e-01 2.244730336085292492e+02 2.342654040541360505e+00
2.373659673659673786e-01 2.268817947602524043e+02 2.369409760602205317e+00
2.398601398601398760e-01 2.292908537821920447e+02 2.399409365648436321e+00
2.423543123543123456e-01 2.317002428578191768e+02 2.432952775265752265e+00
2.448484848484848431e-01 2.341099966278256659e+02 2.470346317149392235e+00
2.473426573426573405e-01 2.365201521800483988e+02 2.511902683082220200e+00
2.498368298368298379e-01 2.389307490395771367e+02 2.557940929447982015e+00
2.523310023310023631e-01 2.413418291594977347e+02 2.608786525562301062e+00
2.548251748251748050e-01 2.437534369127271248e+02 2.664771453138001345e+00
2.573193473193473024e-01 2.461656190854070587e+02 2.726234360253803946e+00
2.598135198135197999e-01 2.485784248723212499e+02 2.793520773274332569e+00
2.623076923076922973e-01 2.509919058748154725e+02 2.866983370273095133e+00
2.648018648018647947e-01 2.534061161017031054e+02 2.946982319634176228e+00
2.672960372960372921e-01 2.558211119736464525e+02 3.033885687662019048e+00
2.697902097902097895e-01 2.582369523315152264e+02 3.128069919200465954e+00
2.722843822843822870e-01 2.606536984492310580e+02 3.229920395453598214e+00
2.747785547785547844e-01 2.630714140516210477e+02 3.339832073406835633e+00
2.772727272727272818e-01 2.654901653378144601e+02 3.458210211458129013e+00
2.797668997668997792e-01 2.679100210107295084e+02 3.585471186082611617e+00
2.822610722610722767e-01 2.703310523132123535e+02 3.722043404550231749e+00
2.847552447552447741e-01 2.727533330714072122e+02 3.868368318875611056e+00
2.872494172494172715e-01 2.751769397459490847e+02 4.024901546299196831e+00
2.897435897435897134e-01 2.776019514915893751e+02 4.192114101615992183e+00
2.922377622377622108e-01 2.800284502258757016e+02 4.370493746584125816e+00
2.947319347319347083e-01 2.824565207075186208e+02 4.560546461374909377e+00
2.972261072261072057e-01 2.848862506250926572e+02 4.762798042529798437e+00
2.997202797202797031e-01 2.873177306967091909e+02 4.977795831082457489e+00
3.022144522144522005e-01 2.897510547813036510e+02 5.206110573271133468e+00
3.047086247086246980e-01 2.921863200021543321e+02 5.448338414496744164e+00
3.072027972027971954e-01 2.946236268832177529e+02 5.705103024698856551e+00
3.096969696969696928e-01 2.970630794988085199e+02 5.977057849932031708e+00
3.121911421911421902e-01 2.995047856370678687e+02 6.264888480369301682e+00
3.146853146853146876e-01 3.019488569775411406e+02 6.569315118939946352e+00
3.171794871794871851e-01 3.043954092830151126e+02 6.891095126944209781e+00
3.196736596736596825e-01 3.068445626055350317e+02 7.231025612839183658e+00
3.221678321678321799e-01 3.092964415062124885e+02 7.589946017428592206e+00
3.246620046620046773e-01 3.117511752880305949e+02 7.968740632320586492e+00
3.271561771561771748e-01 3.142088982403280966e+02 8.368340968076084962e+00
3.296503496503496722e-01 3.166697498929754602e+02 8.789727863283186338e+00
3.321445221445221696e-01 3.191338752774129262e+02 9.233933194883483964e+00
3.346386946386946670e-01 3.216014251906580625e+02 9.702041013922091395e+00
3.371328671328671645e-01 3.240725564571098971e+02 1.019518788693338429e+01
3.396270396270396619e-01 3.265474321813881033e+02 1.071456217460008276e+01
3.421212121212121593e-01 3.290262219835873339e+02 1.126140192427901532e+01
3.446153846153846567e-01 3.315091022061261583e+02 1.183699099535461130e+01
3.471095571095571541e-01 3.339962560788867449e+02 1.244265297939054449e+01
3.496037296037296516e-01 3.364878738265672382e+02 1.307974242723691205e+01
3.520979020979020935e-01 3.389841526992593117e+02 1.374963286205096757e+01
3.545920745920745909e-01 3.414852969043337225e+02 1.445370105378003345e+01
3.570862470862470883e-01 3.439915174150782491e+02 1.519330707407441672e+01
3.595804195804195857e-01 3.465030316295409989e+02 1.596976976122324210e+01
3.620745920745920832e-01 3.490200628521975545e+02 1.678433742421093910e+01
3.645687645687645806e-01 3.515428395720066419e+02 1.763815392297804152e+01
3.670629370629370780e-01 3.540715945138369420e+02 1.853222068903840736e+01
3.695571095571095754e-01 3.566065634467839232e+02 1.946735579132601046e+01
3.720512820512820729e-01 3.591479837430959492e+02 2.044415177458169808e+01
3.745454545454545148e-01 3.616960926954060938e+02 2.146293463661221423e+01
3.770396270396270122e-01 3.642511256173433480e+02 2.252372686566933879e+01
3.795337995337995096e-01 3.668133137722167021e+02 2.362621780248881009e+01
3.820279720279720070e-01 3.693828821943733374e+02 2.476974459118826033e+01
3.845221445221445045e-01 3.719600474854273671e+02 2.595328653753643877e+01
3.870163170163170019e-01 3.745450156798967782e+02 2.717547477078993623e+01
3.895104895104894993e-01 3.771379802792680493e+02 2.843461777605526919e+01
3.920046620046619967e-01 3.797391205484007628e+02 2.972874180477398909e+01
3.944988344988344942e-01 3.823486001533356102e+02 3.105564363597103039e+01
3.969930069930069916e-01 3.849665661964527317e+02 3.241295192209377518e+01
3.994871794871794890e-01 3.875931486765842351e+02 3.379819263089063242e+01
4.019813519813519864e-01 3.902284603719693905e+02 3.520885398888129458e+01
4.044755244755244838e-01 3.928725971167326065e+02 3.664244681644490242e+01
4.069696969696969813e-01 3.955256384199788613e+02 3.809655706982388779e+01
4.094638694638694787e-01 3.981876483624276943e+02 3.956888856219147499e+01
4.119580419580419761e-01 4.008586766991440413e+02 4.105729500945535193e+01
4.144522144522144735e-01 4.035387600975325313e+02 4.255980156662592861e+01
4.169463869463869710e-01 4.062279234457656116e+02 4.407461678641296743e+01
4.194405594405594684e-01 4.089261811762852972e+02 4.560013641208853841e+01
4.219347319347319658e-01 4.116335385601577173e+02 4.713494063435855708e+01
4.244289044289044632e-01 4.143499929393769889e+02 4.867778645147924976e+01
4.269230769230769607e-01 4.170755348746702680e+02 5.022759663851697809e+01
4.294172494172494581e-01 4.198101491953421487e+02 5.178344661686194428e+01
4.319114219114219000e-01 4.225538159449561135e+02 5.334455026824065271e+01
4.344055944055943974e-01 4.253065112221814843e+02 5.491024549323243065e+01
4.368997668997668948e-01 4.280682079201099555e+02 5.647998009385238305e+01
4.393939393939393923e-01 4.308388763699885544e+02 5.805329837348579503e+01
4.418881118881118897e-01 4.336184848969071481e+02 5.962982869814113940e+01
4.443822843822843871e-01 4.364070002957631687e+02 6.120927214869347921e+01
4.468764568764568845e-01 4.392043882360271709e+02 6.279139231012440803e+01
4.493706293706293819e-01 4.420106136036286557e+02 6.437600618536716013e+01
4.518648018648018794e-01 4.448256407878221239e+02 6.596297618288409126e+01
4.543589743589743768e-01 4.476494339202840820e+02 6.755220310374456005e+01
4.568531468531468742e-01 4.504819570730037412e+02 6.914362004164021869e+01
4.593473193473193716e-01 4.533231744208295595e+02 7.073718710474985016e+01
4.618414918414918691e-01 4.561730503738471612e+02 7.233288686908514364e+01
4.643356643356643665e-01 4.590315496841218419e+02 7.393072047706559147e+01
4.668298368298368639e-01 4.618986375307359253e+02 7.553070430104203581e+01
4.693240093240093613e-01 4.647742795865287917e+02 7.713286709870543234e+01
4.718181818181818588e-01 4.676584420694542814e+02 7.873724759464813872e+01
4.743123543123543562e-01 4.705510917810656792e+02 8.034389242970063094e+01
4.768065268065267981e-01 4.734521961342558711e+02 8.195285442665336006e+01
4.793006993006992955e-01 4.763617231720738232e+02 8.356419112740687183e+01
4.817948717948717929e-01 4.792796415791545996e+02 8.517796356246549294e+01
4.842890442890442904e-01 4.822059206870701473e+02 8.679423521893269822e+01
4.867832167832167878e-01 4.851405304747008813e+02 8.841307117781866509e+01
4.892773892773892852e-01 4.880834415645585409e+02 9.003453739554791468e+01
4.917715617715617826e-01 4.910346252158408333e+02 9.165870010811934776e+01
4.942657342657342801e-01 4.939940533148773625e+02 9.328562533946008273e+01
4.967599067599067775e-01 4.969616983635143015e+02 9.491537849819474104e+01
4.992540792540792749e-01 4.999375334659039822e+02 9.654802404933272442e+01
5.017482517482517723e-01 5.029215323140765577e+02 9.818362524938210356e+01
5.042424242424242697e-01 5.059136691726217236e+02 9.982224393506652405e+01
5.067365967365967672e-01 5.089139188627426620e+02 1.014639403572916621e+02
5.092307692307692646e-01 5.119222567459022457e+02 1.031087730532360638e+02
5.117249417249417620e-01 5.149386587072438033e+02 1.047567987505122886e+02
5.142191142191142594e-01 5.179631011389374180e+02 1.064080722982324545e+02
5.167132867132867569e-01 5.209955609235686325e+02 1.080626466206023508e+02
5.192074592074592543e-01 5.240360154176707965e+02 1.097205726893095772e+02
5.217016317016317517e-01 5.270844424354828561e+02 1.113818995115354795e+02
5.241958041958041381e-01 5.301408202329870392e+02 1.130466741309131606e+02
5.266899766899766355e-01 5.332051274922871471e+02 1.147149416391294352e+02
5.291841491841491329e-01 5.362773433063541688e+02 1.163867451962496204e+02
5.316783216783216304e-01 5.393574471641743457e+02 1.180621260581162346e+02
5.341724941724941278e-01 5.424454189363182195e+02 1.197411236094325915e+02
5.366666666666666252e-01 5.455412388609455547e+02 1.214237754013555417e+02
5.391608391608391226e-01 5.486448875302517081e+02 1.231101171925016615e+02
5.416550116550116201e-01 5.517563458773632874e+02 1.248001829931312443e+02
5.441491841491841175e-01 5.548755951636796908e+02 1.264940051103758805e+02
5.466433566433566149e-01 5.580026169666625719e+02 1.281916141957267712e+02
5.491375291375291123e-01 5.611373931680629994e+02 1.298930392930022037e+02
5.516317016317016098e-01 5.642799059425827863e+02 1.315983078868708844e+02
5.541258741258741072e-01 5.674301377469623731e+02 1.333074459515059118e+02
5.566200466200466046e-01 5.705880713094801422e+02 1.350204779990935151e+02
5.591142191142191020e-01 5.737536896198611203e+02 1.367374271279567779e+02
5.616083916083915994e-01 5.769269759195756251e+02 1.384583150701023442e+02
5.641025641025640969e-01 5.801079136925209241e+02 1.401831622380474300e+02
5.665967365967365943e-01 5.832964866560745349e+02 1.419119877707863395e+02
5.690909090909090917e-01 5.864926787525032523e+02 1.436448095788150283e+02
5.715850815850815891e-01 5.896964741407175552e+02 1.453816443881315763e+02
5.740792540792540866e-01 5.929078571883625273e+02 1.471225077831533383e+02
5.765734265734265840e-01 5.961268124642277826e+02 1.488674142485182301e+02
5.790675990675990814e-01 5.993533247309666194e+02 1.506163772097357594e+02
5.815617715617715788e-01 6.025873789381159895e+02 1.523694090726743013e+02
5.840559440559440763e-01 6.058289602154006843e+02 1.541265212618759222e+02
5.865501165501165737e-01 6.090780538663137804e+02 1.558877242577004552e+02
5.890442890442890711e-01 6.123346453619614067e+02 1.576530276323071291e+02
5.915384615384615685e-01 6.155987203351623975e+02 1.594224400844795468e+02
5.940326340326340659e-01 6.188702645747910083e+02 1.611959694733171489e+02
5.965268065268065634e-01 6.221492640203553037e+02 1.629736228508074021e+02
5.990209790209790608e-01 6.254357047567974632e+02 1.647554064933044344e+02
6.015151515151515582e-01 6.287295730095124782e+02 1.665413259319358019e+02
6.040093240093240556e-01 6.320308551395714858e+02 1.683313859819648428e+02
6.065034965034965531e-01 6.353395376391439413e+02 1.701255907711330053e+02
6.089976689976690505e-01 6.386556071271082828e+02 1.719239437670140944e+02
6.114918414918415479e-01 6.419790503448471100e+02 1.737264478034053070e+02
6.139860139860140453e-01 6.453098541522141431e+02 1.755331051057851539e+02
6.164801864801865428e-01 6.486480055236702356e+02 1.773439173158175208e+02
6.189743589743590402e-01 6.519934915445775232e+02 1.791588855152313329e+02
6.214685314685315376e-01 6.553462994076489849e+02 1.809780102483197766e+02
6.239627039627040350e-01 6.587064164095434080e+02 1.828012915441860002e+02
6.264568764568765324e-01 6.620738299476020075e+02 1.846287289378892922e+02
6.289510489510490299e-01 6.654485275167201053e+02 1.864603214908942164e+02
6.314452214452215273e-01 6.688304967063475033e+02 1.882960678107785668e+02
6.339393939393940247e-01 6.722197251976123198e+02 1.901359660701595828e+02
6.364335664335665221e-01 6.756162007605649933e+02 1.919800140252688436e+02
6.389277389277390196e-01 6.790199112515334718e+02 1.938282090332056953e+02
6.414219114219115170e-01 6.824308446105909525e+02 1.956805480691756713e+02
6.439160839160840144e-01 6.858489888591235513e+02 1.975370277428180543e+02
6.464102564102565118e-01 6.892743320975009738e+02 1.993976443139823971e+02
6.489044289044290093e-01 6.927068625028427959e+02 2.012623937079430334e+02
6.513986013986015067e-01 6.961465683268744442e+02 2.031312715300476270e+02
6.538927738927740041e-01 6.995934378938736700e+02 2.050042730798390380e+02
6.563869463869465015e-01 7.030474595986975146e+02 2.068813933646589192e+02
6.588811188811189989e-01 7.065086219048964722e+02 2.087626271127514030e+02
6.613752913752913853e-01 7.099769133428970918e+02 2.106479687858965804e+02
6.638694638694638828e-01 7.134523225082683666e+02 2.125374125915738830e+02
6.663636363636363802e-01 7.169348380600501969e+02 2.144309524946858119e+02
6.688578088578088776e-01 7.204244487191563167e+02 2.163285822288509621e+02
6.713519813519813750e-01 7.239211432668380439e+02 2.182302953072861555e+02
6.738461538461538725e-01 7.274249105432155602e+02 2.201360850332852692e+02
6.763403263403263699e-01 7.309357394458625095e+02 2.220459445103214193e+02
6.788344988344988673e-01 7.344536189284549437e+02 2.239598666517692322e+02
6.813286713286714757e-01 7.379785379994680170e+02 2.258778441902820475e+02
6.838228438228437511e-01 7.415104857209319107e+02 2.277998696868147306e+02
6.863170163170162485e-01 7.450494512072352791e+02 2.297259355393181863e+02
6.888111888111887460e-01 7.485954236239766715e+02 2.316560339911292488e+02
6.913053613053612434e-01 7.521483921868617699e+02 2.335901571389828462e+02
6.937995337995337408e-01 7.557083461606492847e+02 2.355282969408634131e+02
6.962937062937062382e-01 7.592752748581343667e+02 2.374704452234240080e+02
6.987878787878787357e-01 7.628491676391749934e+02 2.394165936892106856e+02
7.012820512820512331e-01 7.664300139097585998e+02 2.413667339235970815e+02
7.037762237762237305e-01 7.700178031211036114e+02 2.433208574014654459e+02
7.062703962703962279e-01 7.736125247687999718e+02 2.452789554936347258e+02
7.087645687645687254e-01 7.772141683919822981e+02 2.472410194730508977e+02
7.112587412587412228e-01 7.808227235725341870e+02 2.492070405207459771e+02
7.137529137529137202e-01 7.844381799343299235e+02 2.511770097315716725e+02
7.162470862470862176e-01 7.880605271424986995e+02 2.531509181197187672e+02
7.187412587412587150e-01 7.916897549027254399e+02 2.551287566240277158e+02
7.212354312354312125e-01 7.953258529605744798e+02 2.571105161130964234e+02
7.237296037296037099e-01 7.989688111008417764e+02 2.590961873901965760e+02
7.262237762237762073e-01 8.026186191469314508e+02 2.610857611980022739e+02
7.287179487179487047e-01 8.062752669602597280e+02 2.630792282231313379e+02
7.312121212121212022e-01 8.099387444396782030e+02 2.650765791005205756e+02
7.337062937062936996e-01 8.136090415209230287e+02 2.670778044176292951e+02
7.362004662004661970e-01 8.172861481760836568e+02 2.690828947184762683e+02
7.386946386946386944e-01 8.209700544130928392e+02 2.710918405075083228e+02
7.411888111888111919e-01 8.246607502752358414e+02 2.731046322533893544e+02
7.436829836829836893e-01 8.283582258406808023e+02 2.751212603924922178e+02
7.461771561771561867e-01 8.320624712220234187e+02 2.771417153324022706e+02
7.486713286713286841e-01 8.357734765658520928e+02 2.791659874552038900e+02
7.511655011655011815e-01 8.394912320523278595e+02 2.811940671206521642e+02
7.536596736596736790e-01 8.432157278947818213e+02 2.832259446692165170e+02
7.561538461538461764e-01 8.469469543393258846e+02 2.852616104250005264e+02
7.586480186480186738e-01 8.506849016644796393e+02 2.873010546985408382e+02
7.611421911421911712e-01 8.544295601808101992e+02 2.893442677894935287e+02
7.636363636363636687e-01 8.581809202305865938e+02 2.913912399892057010e+02
7.661305361305361661e-01 8.619389721874445058e+02 2.934419615831820920e+02
7.686247086247086635e-01 8.657037064560662429e+02 2.954964228534460062e+02
7.711188811188811609e-01 8.694751134718701451e+02 2.975546140807989559e+02
7.736130536130536584e-01 8.732531837007118156e+02 2.996165255469867930e+02
7.761072261072261558e-01 8.770379076385964936e+02 3.016821475367672178e+02
7.786013986013986532e-01 8.808292758114014305e+02 3.037514703398873621e+02
7.810955710955711506e-01 8.846272787746074755e+02 3.058244842529791185e+02
7.835897435897436480e-01 8.884319071130395287e+02 3.079011795813634080e+02
7.860839160839161455e-01 8.922431514406190445e+02 3.099815466407737290e+02
7.885780885780886429e-01 8.960610024001204010e+02 3.120655757590033090e+02
7.910722610722611403e-01 8.998854506629392063e+02 3.141532572774753476e+02
7.935664335664336377e-01 9.037164869288660611e+02 3.162445815527371451e+02
7.960606060606061352e-01 9.075541019258696451e+02 3.183395389578843151e+02
7.985547785547786326e-01 9.113982864098841219e+02 3.204381198839190006e+02
8.010489510489511300e-01 9.152490311646068903e+02 3.225403147410362408e+02
8.035431235431236274e-01 9.191063270013007696e+02 3.246461139598495720e+02
8.060372960372961249e-01 9.229701647585999353e+02 3.267555079925518271e+02
8.085314685314686223e-01 9.268405353023280213e+02 3.288684873140340414e+02
8.110256410256411197e-01 9.307174295253164473e+02 3.309850424229050532e+02
8.135198135198136171e-01 9.346008383472282048e+02 3.331051638424990529e+02
8.160139860139861145e-01 9.384907527143913057e+02 3.352288421218078156e+02
8.185081585081586120e-01 9.423871635996322311e+02 3.373560678363660372e+02
8.210023310023311094e-01 9.462900620021152918e+02 3.394868315890822146e+02
8.234965034965036068e-01 9.501994389471882414e+02 3.416211240110283711e+02
8.259906759906761042e-01 9.541152854862311870e+02 3.437589357621774866e+02
8.284848484848486017e-01 9.580375926965070903e+02 3.459002575320971573e+02
8.309790209790210991e-01 9.619663516810205692e+02 3.480450800406020448e+02
8.334731934731935965e-01 9.659015535683760163e+02 3.501933940383631807e+02
8.359673659673660939e-01 9.698431895126406062e+02 3.523451903074773099e+02
8.384615384615385913e-01 9.737912506932126462e+02 3.545004596619959329e+02
8.409557109557110888e-01 9.777457283146910640e+02 3.566591929484189905e+02
8.434498834498835862e-01 9.817066136067466005e+02 3.588213810461527942e+02
8.459440559440560836e-01 9.856738978239986864e+02 3.609870148679313502e+02
8.484382284382285810e-01 9.896475722458930022e+02 3.631560853602056227e+02
8.509324009324010785e-01 9.936276281765825615e+02 3.653285835035013065e+02
8.534265734265735759e-01 9.976140569448101587e+02 3.675045003127435166e+02
8.559207459207460733e-01 1.001606849903795592e+03 3.696838268375526582e+02
8.584149184149185707e-01 1.005605998431120156e+03 3.718665541625176729e+02
8.609090909090910682e-01 1.009611493928618643e+03 3.740526734074284150e+02
8.634032634032635656e-01 1.013623327822270653e+03 3.762421757274948391e+02
8.658974358974358410e-01 1.017641491562091574e+03 3.784350523135358912e+02
8.683916083916083384e-01 1.021665976622032531e+03 3.806312943921419105e+02
8.708857808857808358e-01 1.025696774499871026e+03 3.828308932258165100e+02
8.733799533799533332e-01 1.029733876717113617e+03 3.850338401130967441e+02
8.758741258741258306e-01 1.033777274818894512e+03 3.872401263886478660e+02
8.783682983682983281e-01 1.037826960373877228e+03 3.894497434233429090e+02
8.808624708624708255e-01 1.041882924974153639e+03 3.916626826243191317e+02
8.833566433566433229e-01 1.045945160235154162e+03 3.938789354350132044e+02
8.858508158508158203e-01 1.050013657795545896e+03 3.960984933351885502e+02
8.883449883449883178e-01 1.054088409317143714e+03 3.983213478408408719e+02
8.908391608391608152e-01 1.058169406484813180e+03 4.005474905045398373e+02
8.933333333333333126e-01 1.062256641006382097e+03 4.027769129148876459e+02
8.958275058275058100e-01 1.066350104612547057e+03 4.050096066968068271e+02
8.983216783216783075e-01 1.070449789056785448e+03 4.072455635113996664e+02
9.008158508158508049e-01 1.074555686115262233e+03 4.094847750558714665e+02
9.033100233100233023e-01 1.078667787586745590e+03 4.117272330634920650e+02
9.058041958041957997e-01 1.082786085292516873e+03 4.139729293033818180e+02
9.082983682983682971e-01 1.086910571076284214e+03 4.162218555805504252e+02
9.107925407925407946e-01 1.091041236804094297e+03 4.184740037356750122e+02
9.132867132867132920e-01 1.095178074364248914e+03 4.207293656450056005e+02
9.157808857808857894e-01 1.099321075667216519e+03 4.229879332202228284e+02
9.182750582750582868e-01 1.103470232645552414e+03 4.252496984082813469e+02
9.207692307692307843e-01 1.107625537253808261e+03 4.275146531912586170e+02
9.232634032634032817e-01 1.111786981468451813e+03 4.297827895861848901e+02
9.257575757575757791e-01 1.115954557287783473e+03 4.320540996448663122e+02
9.282517482517482765e-01 1.120128256731853071e+03 4.343285754537031380e+02
9.307459207459207740e-01 1.124308071842374375e+03 4.366062091335056721e+02
9.332400932400932714e-01 1.128493994682648690e+03 4.388869928392906559e+02
9.357342657342657688e-01 1.132686017337476187e+03 4.411709187600849873e+02
9.382284382284382662e-01 1.136884131913080410e+03 4.434579791187148885e+02
9.407226107226107636e-01 1.141088330537022784e+03 4.457481661715953578e+02
9.432167832167832611e-01 1.145298605358123496e+03 4.480414722085109815e+02
9.457109557109557585e-01 1.149514948546381902e+03 4.503378895523937331e+02
9.482051282051282559e-01 1.153737352292891273e+03 4.526374105590991235e+02
9.506993006993007533e-01 1.157965808809765122e+03 4.549400276171729161e+02
9.531934731934732508e-01 1.162200310330053526e+03 4.572457331476175000e+02
9.556876456876457482e-01 1.166440849107662643e+03 4.595545196036567859e+02
9.581818181818182456e-01 1.170687417417278539e+03 4.618663794704953034e+02
9.606759906759907430e-01 1.174940007554284193e+03 4.641813052650578015e+02
9.631701631701632405e-01 1.179198611834682424e+03 4.664992895358325882e+02
9.656643356643357379e-01 1.183463222595017214e+03 4.688203248624697039e+02
9.681585081585082353e-01 1.187733832192292994e+03 4.711444038556680312e+02
9.706526806526807327e-01 1.192010433003899834e+03 4.734715191568666910e+02
9.731468531468532301e-01 1.196293017427528639e+03 4.758016634380064147e+02
9.756410256410257276e-01 1.200581577881100657e+03 4.781348294012772726e+02
9.781351981351982250e-01 1.204876106802683353e+03 4.804710097788645840e+02
9.806293706293707224e-01 1.209176596650414922e+03 4.828101973326985217e+02
9.831235431235432198e-01 1.213483039902425844e+03 4.851523848541998518e+02
9.856177156177157173e-01 1.217795429056762259e+03 4.874975651640261844e+02
9.881118881118882147e-01 1.222113756631306615e+03 4.898457311118216921e+02
9.906060606060607121e-01 1.226438015163702175e+03 4.921968755759603482e+02
9.931002331002332095e-01 1.230768197211275265e+03 4.945509914632957589e+02
9.955944055944057069e-01 1.235104295350956590e+03 4.969080717089099153e+02
9.980885780885782044e-01 1.239446302179205986e+03 4.992681092758615478e+02
1.000582750582750702e+00 1.243794210311936240e+03 5.016310971549353894e+02
1.003076923076923199e+00 1.248148012384434878e+03 5.039970283643942821e+02
1.005571095571095697e+00 1.252507701051286631e+03 5.063658959497325895e+02
1.008065268065268194e+00 1.256873268986300673e+03 5.087376929834260864e+02
1.010559440559440691e+00 1.261244708882431723e+03 5.111124125646908851e+02
1.013053613053613189e+00 1.265622013451703424e+03 5.134900478192402034e+02
1.015547785547785686e+00 1.270005175425135803e+03 5.158705918990376631e+02
1.018041958041958184e+00 1.274394187552665016e+03 5.182540379820653698e+02
1.020536130536130681e+00 1.278789042603071039e+03 5.206403792720803949e+02
1.023030303030303179e+00 1.283189733363902178e+03 5.230296089983791035e+02
1.025524475524475676e+00 1.287596252641396632e+03 5.254217204155667105e+02
1.028018648018648173e+00 1.292008593260409953e+03 5.278167068033246778e+02
1.030512820512820671e+00 1.296426748064342746e+03 5.302145614661792479e+02
1.033006993006993168e+00 1.300850709915059042e+03 5.326152777332749793e+02
1.035501165501165666e+00 1.305280471692815809e+03 5.350188489581548765e+02
1.037995337995338163e+00 1.309716026296191785e+03 5.374252685185294922e+02
1.040489510489510661e+00 1.314157366642006309e+03 5.398345298160660377e+02
1.042983682983683158e+00 1.318604485665249058e+03 5.422466262761664666e+02
1.045477855477855655e+00 1.323057376319006835e+03 5.446615513477544255e+02
1.047972027972027931e+00 1.327516031574387853e+03 5.470792985030636828e+02
1.050466200466200428e+00 1.331980444420451249e+03 5.494998612374280356e+02
1.052960372960372926e+00 1.336450607864129552e+03 5.519232330690765593e+02
1.055454545454545423e+00 1.340926514930159101e+03 5.543494075389303362e+02
1.057948717948717920e+00 1.345408158661006610e+03 5.567783782103995236e+02
1.060442890442890418e+00 1.349895532116794584e+03 5.592101386691828111e+02
1.062937062937062915e+00 1.354388628375232202e+03 5.616446825230584636e+02
1.065431235431235413e+00 1.358887440531539596e+03 5.640820034017743865e+02
1.067925407925407910e+00 1.363391961698378964e+03 5.665220949567282105e+02
1.070419580419580408e+00 1.367902185005780893e+03 5.689649508608705446e+02
1.072913752913752905e+00 1.372418103601074336e+03 5.714105648084973836e+02
1.075407925407925402e+00 1.376939710648813389e+03 5.738589305150701421e+02
1.077902097902097900e+00 1.381466999330709541e+03 5.763100417170364835e+02
1.080396270396270397e+00 1.385999962845556638e+03 5.787638921716593359e+02
1.082890442890442895e+00 1.390538594409164943e+03 5.812204756568416997e+02
1.085384615384615392e+00 1.395082887254285652e+03 5.836797859709599834e+02
1.087878787878787890e+00 1.399632834630548132e+03 5.861418169326956331e+02
1.090372960372960387e+00 1.404188429804383532e+03 5.886065623808751752e+02
1.092867132867132884e+00 1.408749666058957246e+03 5.910740161743074168e+02
1.095361305361305382e+00 1.413316536694102979e+03 5.935441721916278084e+02
1.097855477855477879e+00 1.417889035026249076e+03 5.960170243311446256e+02
1.100349650349650377e+00 1.422467154388352355e+03 5.984925665106849237e+02
1.102843822843822874e+00 1.427050888129831492e+03 6.009707926674466307e+02
1.105337995337995372e+00 1.431640229616496526e+03 6.034516967578551885e+02
1.107832167832167869e+00 1.436235172230479293e+03 6.059352727574193977e+02
1.110326340326340366e+00 1.440835709370171799e+03 6.084215146605890823e+02
1.112820512820512864e+00 1.445441834450151873e+03 6.109104164806203698e+02
1.115314685314685361e+00 1.450053540901125189e+03 6.134019722494383586e+02
1.117808857808857859e+00 1.454670822169848634e+03 6.158961760175078552e+02
1.120303030303030356e+00 1.459293671719071654e+03 6.183930218537024075e+02
1.122797202797202853e+00 1.463922083027466442e+03 6.208925038451773162e+02
1.125291375291375351e+00 1.468556049589565419e+03 6.233946160972466259e+02
1.127785547785547848e+00 1.473195564915690966e+03 6.258993527332623898e+02
1.130279720279720346e+00 1.477840622531896543e+03 6.284067078944825653e+02
1.132773892773892843e+00 1.482491215979896651e+03 6.309166757400137158e+02
1.135268065268065341e+00 1.487147338817005675e+03 6.334292504465701086e+02
1.137762237762237838e+00 1.491808984616072621e+03 6.359444262085073660e+02
1.140256410256410335e+00 1.496476146965416547e+03 6.384621972376273789e+02
1.142750582750582833e+00 1.501148819468766987e+03 6.409825577630930411e+02
1.145244755244755330e+00 1.505826995745194836e+03 6.435055020313251362e+02
1.147738927738927828e+00 1.510510669429053451e+03 6.460310243058912647e+02
1.150233100233100325e+00 1.515199834169915903e+03 6.485591188674465002e+02
1.152727272727272823e+00 1.519894483632512674e+03 6.510897800135577427e+02
1.155221445221445320e+00 1.524594611496669359e+03 6.536230020586841647e+02
1.157715617715617817e+00 1.529300211457245496e+03 6.561587793340514736e+02
1.160209790209790315e+00 1.534011277224071591e+03 6.586971061875631221e+02
1.162703962703962812e+00 1.538727802521892727e+03 6.612379769837132244e+02
1.165198135198135310e+00 1.543449781090304441e+03 6.637813861035034506e+02
1.167692307692307807e+00 1.548177206683693157e+03 6.663273279443523052e+02
1.170186480186480305e+00 1.552910073071176839e+03 6.688757969200190701e+02
1.172680652680652802e+00 1.557648374036546556e+03 6.714267874605184261e+02
1.175174825174825299e+00 1.562392103378206002e+03 6.739802940120463290e+02
1.177668997668997797e+00 1.567141254909109421e+03 6.765363110369011110e+02
1.180163170163170294e+00 1.571895822456713859e+03 6.790948330134040134e+02
1.182657342657342792e+00 1.576655799862907315e+03 6.816558544358372274e+02
1.185151515151515067e+00 1.581421180983961449e+03 6.842193698143621532e+02
1.187645687645687564e+00 1.586191959690470185e+03 6.867853736749550535e+02
1.190139860139860062e+00 1.590968129867289690e+03 6.893538605593383863e+02
1.192634032634032559e+00 1.595749685413487668e+03 6.919248250249145258e+02
1.195128205128205057e+00 1.600536620242283334e+03 6.944982616447018700e+02
1.197622377622377554e+00 1.605328928280991477e+03 6.970741650072691300e+02
1.200116550116550052e+00 1.610126603470966302e+03 6.996525297166798509e+02
1.202610722610722549e+00 1.614929639767549361e+03 7.022333503924255638e+02
1.205104895104895046e+00 1.619738031140009070e+03 7.048166216693714432e+02
1.207599067599067544e+00 1.624551771571491145e+03 7.074023381977013969e+02
1.210093240093240041e+00 1.629370855058962434e+03 7.099904946428539461e+02
1.212587412587412539e+00 1.634195275613152262e+03 7.125810856854824351e+02
1.215081585081585036e+00 1.639025027258508771e+03 7.151741060213856827e+02
1.217575757575757534e+00 1.643860104033133894e+03 7.177695503614693280e+02
1.220069930069930031e+00 1.648700499988741058e+03 7.203674134316880782e+02
1.222564102564102528e+00 1.653546209190593345e+03 7.229676899730028481e+02
1.225058275058275026e+00 1.658397225717459150e+03 7.255703747413245992e+02
1.227552447552447523e+00 1.663253543661551248e+03 7.281754625074783007e+02
1.230046620046620021e+00 1.668115157128484725e+03 7.307829480571450631e+02
1.232540792540792518e+00 1.672982060237216501e+03 7.333928261908304194e+02
1.235034965034965015e+00 1.677854247120002356e+03 7.360050917238120292e+02
1.237529137529137513e+00 1.682731711922340764e+03 7.386197394860988652e+02
1.240023310023310010e+00 1.687614448802922652e+03 7.412367643223933555e+02
1.242517482517482508e+00 1.692502451933584325e+03 7.438561610920486373e+02
1.245011655011655005e+00 1.697395715499255857e+03 7.464779246690291075e+02
1.247505827505827503e+00 1.702294233697913114e+03 7.491020499418690406e+02
1.250000000000000000e+00 1.707198000740523867e+03 7.517285318136453043e+02
