# n_fm^-3 epsilon_MeVfm^-3 P_MeVfm^-3
1.531821877980378121e-03 1.439999425113218434e+00 8.253948235888645523e-04
1.587176238748534002e-03 1.492066263394498993e+00 8.667358489352306947e-04
1.647432302523166780e-03 1.548745297564832812e+00 9.121928466503287673e-04
1.709975946676698050e-03 1.607577879379925134e+00 9.598388587158553347e-04
1.774894017638545957e-03 1.668645851611183728e+00 1.009764388402865009e-03
1.842276658903622098e-03 1.732034167620690512e+00 1.062062577563741093e-03
1.912217436203150116e-03 1.797831009552897097e+00 1.116829206991918353e-03
1.984813467427554764e-03 1.866127911013218732e+00 1.174162692176027945e-03
2.060165557481753989e-03 1.937019884403804681e+00 1.234164074483751032e-03
2.138378338260152334e-03 2.010605553093182341e+00 1.296937008132948701e-03
2.219560413935688873e-03 2.086987288603014079e+00 1.362587743587518338e-03
2.303824511764681303e-03 2.166271353002472644e+00 1.431225107986592053e-03
2.391287638616880051e-03 2.248568046707472678e+00 1.502960483975802376e-03
2.482071243448062681e-03 2.333991861890412078e+00 1.577907787715946211e-03
2.576301385940816657e-03 2.422661641713234282e+00 1.656183447929167590e-03
2.674108911547631341e-03 2.514700745604750765e+00 1.737906388179354328e-03
2.775629633179387337e-03 2.610237220812090975e+00 1.823198014680432267e-03
2.881004519791532242e-03 2.709403980464680561e+00 1.912182212685648725e-03
2.990379892129794558e-03 2.812338988398266348e+00 2.004985355262783528e-03
3.103907625907256513e-03 2.919185450996726772e+00 2.101736328193977953e-03
3.221745362694890431e-03 3.030092016317687431e+00 2.202566577318711052e-03
3.344056728818439825e-03 3.145212980780616618e+00 2.307610183195903195e-03
3.471011562565543603e-03 3.264708503705001430e+00 2.417003970903567646e-03
3.602786150018634850e-03 3.388744829998328267e+00 2.530887663092241599e-03
3.739563469841074902e-03 3.517494521304801225e+00 2.649404086301419738e-03
3.881533447356427021e-03 3.651136695938911103e+00 2.772699441118349744e-03
4.028893218273676448e-03 3.789857277939177482e+00 2.900923649989510696e-03
4.181847402424576990e-03 3.933849255592073213e+00 3.034230797152900286e-03
4.340608387893316565e-03 4.083312949789524637e+00 3.172779677862357529e-03
4.505396625932862886e-03 4.238456292597350128e+00 3.316734476886903232e-03
4.676440937077717963e-03 4.399495116428093766e+00 3.466265598569819202e-03
4.853978828877963773e-03 4.566653454226776709e+00 3.621550674093263270e-03
5.038256825695888036e-03 4.740163851095158698e+00 3.782775774982114880e-03
5.229530811023119785e-03 4.920267687796894940e+00 3.950136866205768496e-03
5.428066382793566430e-03 5.107215516604737715e+00 4.123841535802001343e-03
5.634139222185649901e-03 5.301267409969477207e+00 4.304111043655083242e-03
5.848035476425734493e-03 5.502693322510411988e+00 4.491182736683663537e-03
6.070052156124562323e-03 5.711773466847898106e+00 4.685312884394612735e-03
6.300497547698204887e-03 5.928798703820506333e+00 4.886779994754930287e-03
6.539691641446334670e-03 6.154070947653000445e+00 5.095888677270571897e-03
6.787966575882186000e-03 6.387903586663844280e+00 5.312974129612114266e-03
7.045667098931172531e-03 6.630621920128322522e+00 5.538407331014186079e-03
7.313151046638697618e-03 6.882563611938437020e+00 5.772601037153976544e-03
7.590789840051600026e-03 7.144079161730693350e+00 6.016016679228669735e-03
7.878969000963586405e-03 7.415532394180053721e+00 6.269172284806473483e-03
8.178088687240363600e-03 7.697300967191771370e+00 6.532651547316387954e-03
8.488564248468211809e-03 7.989776899754895467e+00 6.807114185970753947e-03
8.810826802697267063e-03 8.293367120254751867e+00 7.093307753311315321e-03
9.145323835080501618e-03 8.608494036080898582e+00 7.392081060680134527e-03
9.492519819239639278e-03 8.935596125402179624e+00 7.704399412327377766e-03
9.852896862220733923e-03 9.275128552024227702e+00 8.031361853667805598e-03
1.022695537393521724e-02 9.627563804285985682e+00 8.374220660368770011e-03
1.061521476201555785e-02 9.993392358997155611e+00 8.734403314697485043e-03
1.101821415305090368e-02 1.037312337146730812e+01 9.113537236783920276e-03
1.143651314120377842e-02 1.076728539272692409e+01 9.513477561058357110e-03
1.187069256524755576e-02 1.117642711509357234e+01 9.936338272024898555e-03
1.232135531510361766e-02 1.160111814729437185e+01 1.038452703594358595e-02
1.278912716899817566e-02 1.204194982041277662e+01 1.086078409160020665e-02
1.327465766240114309e-02 1.249953602599152624e+01 1.136822558700239204e-02
1.377862098995370418e-02 1.297451408768971604e+01 1.191039177281748816e-02
1.430171694163691505e-02 1.346754566795884855e+01 1.249130049005598223e-02
1.484467187448136605e-02 1.397931771127927902e+01 1.311550640876585870e-02
1.540823972116708157e-02 1.451054342556923693e+01 1.378816650101581318e-02
1.599320303691426429e-02 1.506196330346491585e+01 1.451511224494799954e-02
1.660037408611848495e-02 1.563434618524824238e+01 1.530292907726795576e-02
1.723059597023931730e-02 1.622849036528938882e+01 1.615904362079244316e-02
1.788474379850842413e-02 1.684522474396150571e+01 1.709181921975660989e-02
1.856372590308277837e-02 1.748541002707856151e+01 1.811066031728053929e-02
1.926848510033042639e-02 1.814993997500747014e+01 1.922612619767566020e-02
2.000000000000000042e-02 1.883974270370420356e+01 2.045005460123377680e-02
2.066666666666666652e-02 1.946843503418360655e+01 2.162730950420363452e-02
2.133333333333333262e-02 2.009716632682654591e+01 2.286641507832180148e-02
2.199999999999999872e-02 2.072593733945364747e+01 2.417009492122213291e-02
2.266666666666666829e-02 2.135474886535519445e+01 2.554099550168352495e-02
2.333333333333333440e-02 2.198360172786654232e+01 2.698168467215718638e-02
2.400000000000000050e-02 2.261249677552739712e+01 2.849465054251000551e-02
2.466666666666666660e-02 2.324143487775248218e+01 3.008230067003856562e-02
2.533333333333333270e-02 2.387041692095176870e+01 3.174696152806161242e-02
2.600000000000000228e-02 2.449944380504930663e+01 3.349087821755598882e-02
2.666666666666666491e-02 2.512851644035423959e+01 3.531621439479078889e-02
2.733333333333333448e-02 2.575763574474589745e+01 3.722505238846006426e-02
2.800000000000000058e-02 2.638680264113807539e+01 3.921939348582409446e-02
2.866666666666666669e-02 2.701601805519419486e+01 4.130115836727256406e-02
2.933333333333333279e-02 2.764528291326605469e+01 4.347218767408453366e-02
2.999999999999999889e-02 2.827459814053490916e+01 4.573424269302885092e-02
3.066666666666666846e-02 2.890396465933387304e+01 4.808900614575696564e-02
3.133333333333333109e-02 2.953338338763476756e+01 5.053808307062050698e-02
3.200000000000000067e-02 3.016285523768322108e+01 5.308300178709472739e-02
3.266666666666666330e-02 3.079238111476839634e+01 5.572521493309076646e-02
3.333333333333333287e-02 3.142196191611509803e+01 5.846610056687880086e-02
3.400000000000000244e-02 3.205159852988743552e+01 6.130696332582082769e-02
3.466666666666666508e-02 3.268129183429339690e+01 6.424903563598159673e-02
3.533333333333333465e-02 3.331104269678233010e+01 6.729347896537170304e-02
3.600000000000000422e-02 3.394085197332699266e+01 7.044138511593614482e-02
3.666666666666666685e-02 3.457072050778300110e+01 7.369377754908480738e-02
3.733333333333332948e-02 3.520064913131932371e+01 7.705161273990765447e-02
3.799999999999999906e-02 3.583063866191378821e+01 8.051578155608993259e-02
3.866666666666666863e-02 3.646068990390841691e+01 8.408711065767358883e-02
3.933333333333333126e-02 3.709080364761980064e+01 8.776636391389386338e-02
4.000000000000000083e-02 3.772098066899982882e+01 9.155424382322606414e-02
4.066666666666667040e-02 3.835122172934330820e+01 9.545139300180069397e-02
4.133333333333333304e-02 3.898152757503832078e+01 9.945839555754015793e-02
4.199999999999999567e-02 3.961189893735591028e+01 1.035757786013420390e-01
4.266666666666666524e-02 4.024233653227665286e+01 1.078040136904576257e-01
4.333333333333333481e-02 4.087284106035053810e+01 1.121435182891170057e-01
4.399999999999999745e-02 4.150341320658822042e+01 1.165946572276574250e-01
4.466666666666666702e-02 4.213405364038106171e+01 1.211577441593329890e-01
4.533333333333333659e-02 4.276476301544668246e+01 1.258330430130580602e-01
4.599999999999999922e-02 4.339554196980087397e+01 1.306207694393734797e-01
4.666666666666666186e-02 4.402639112574996005e+01 1.355210922502501913e-01
4.733333333333333143e-02 4.465731108990607368e+01 1.405341348486724706e-01
4.800000000000000100e-02 4.528830245321969983e+01 1.456599766502772453e-01
4.866666666666666363e-02 4.591936579103180094e+01 1.508986544919944106e-01
4.933333333333333320e-02 4.655050166314165239e+01 1.562501640292514038e-01
5.000000000000000278e-02 4.718171061388882492e+01 1.617144611213288952e-01
5.066666666666666541e-02 4.781299317225131063e+01 1.672914632003603408e-01
5.133333333333332804e-02 4.844434985195433541e+01 1.729810506276591164e-01
5.200000000000000455e-02 4.907578115159197552e+01 1.787830680337426925e-01
5.266666666666666718e-02 4.970728755475990113e+01 1.846973256417579201e-01
5.333333333333332982e-02 5.033886953019744936e+01 1.907236005748087770e-01
5.399999999999999245e-02 5.097052753193881358e+01 1.968616381457547748e-01
5.466666666666666896e-02 5.160226199947344838e+01 2.031111531285996752e-01
5.533333333333333159e-02 5.223407335791247164e+01 2.094718310125929794e-01
5.599999999999999423e-02 5.286596201816383456e+01 2.159433292369441482e-01
5.666666666666667074e-02 5.349792837711249405e+01 2.225252784059960631e-01
5.733333333333333337e-02 5.412997281780697278e+01 2.292172834859887431e-01
5.799999999999999600e-02 5.476209570965014706e+01 2.360189249820709989e-01
5.866666666666667251e-02 5.539429740859595341e+01 2.429297600944718416e-01
5.933333333333333515e-02 5.602657825734920038e+01 2.499493238556847463e-01
5.999999999999999778e-02 5.665893858556935214e+01 2.570771302467318997e-01
6.066666666666666041e-02 5.729137871007781513e+01 2.643126732931754264e-01
6.133333333333333692e-02 5.792389893506745580e+01 2.716554281410198946e-01
6.199999999999999956e-02 5.855649955231511683e+01 2.791048521112434733e-01
6.266666666666666219e-02 5.918918084139616553e+01 2.866603857348010154e-01
6.333333333333333870e-02 5.982194306990032828e+01 2.943214537658729313e-01
6.400000000000000133e-02 6.045478649364997636e+01 3.020874661751264401e-01
6.466666666666666397e-02 6.108771135691829812e+01 3.099578191224446888e-01
6.533333333333332660e-02 6.172071789264918351e+01 3.179318959092581331e-01
6.600000000000000311e-02 6.235380632267805368e+01 3.260090679091666721e-01
6.666666666666666574e-02 6.298697685795189471e+01 3.341886954800466492e-01
6.733333333333332837e-02 6.362022969875097544e+01 3.424701288542079114e-01
6.800000000000000488e-02 6.425356503490904458e+01 3.508527090097198209e-01
6.866666666666666752e-02 6.488698304603468614e+01 3.593357685203305563e-01
6.933333333333333015e-02 6.552048390173101211e+01 3.679186323873691045e-01
6.999999999999999278e-02 6.615406776181592363e+01 3.766006188495638618e-01
7.066666666666666929e-02 6.678773477654054602e+01 3.853810401759787396e-01
7.133333333333333193e-02 6.742148508680787700e+01 3.942592034369995502e-01
7.199999999999999456e-02 6.805531882438931746e+01 4.032344112586063178e-01
7.266666666666667107e-02 6.868923611214087543e+01 4.123059625560328012e-01
7.333333333333333370e-02 6.932323706421767895e+01 4.214731532493720678e-01
7.399999999999999634e-02 6.995732178628756515e+01 4.307352769605700127e-01
7.466666666666665897e-02 7.059149037574231045e+01 4.400916256927091541e-01
7.533333333333333548e-02 7.122574292190815015e+01 4.495414904906770426e-01
7.599999999999999811e-02 7.186007950625408114e+01 4.590841620845624305e-01
7.666666666666666075e-02 7.249450020259915561e+01 4.687189315146755297e-01
7.733333333333333726e-02 7.312900507731662003e+01 4.784450907413613230e-01
7.799999999999999989e-02 7.376359418953740033e+01 4.882619332355357389e-01
7.866666666666666252e-02 7.439826759135141288e+01 4.981687545549227103e-01
7.933333333333332515e-02 7.503302532800621805e+01 5.081648529011586479e-01
8.000000000000000167e-02 7.566786743810408211e+01 5.182495296638702786e-01
8.066666666666666430e-02 7.630279395379740492e+01 5.284220899462445109e-01
8.133333333333332693e-02 7.693780490098036751e+01 5.386818430776674216e-01
8.200000000000000344e-02 7.757290029948079280e+01 5.490281031086775565e-01
8.266666666666666607e-02 7.820808016324760104e+01 5.594601892927731912e-01
8.333333333333332871e-02 7.884334450053715670e+01 5.699774265527909334e-01
8.400000000000000522e-02 7.947869331409700067e+01 5.805791459335418736e-01
8.466666666666666785e-02 8.011412660134753594e+01 5.912646850393671327e-01
8.533333333333333048e-02 8.074964435456095657e+01 6.020333884594768481e-01
8.600000000000000699e-02 8.138524656103817279e+01 6.128846081783688726e-01
8.666666666666666963e-02 8.202093320328356185e+01 6.238177039740810947e-01
8.733333333333333226e-02 8.265670425917649311e+01 6.348320438037429181e-01
8.799999999999999489e-02 8.329255970214192928e+01 6.459270041752875890e-01
8.866666666666667140e-02 8.392849950131700609e+01 6.571019705087521867e-01
8.933333333333333404e-02 8.456452362171665982e+01 6.683563374842380611e-01
8.999999999999999667e-02 8.520063202439594363e+01 6.796895093786432529e-01
9.066666666666667318e-02 8.583682466661070976e+01 6.911009003914443394e-01
9.133333333333333581e-02 8.647310150197516521e+01 7.025899349586801623e-01
9.199999999999999845e-02 8.710946248061740960e+01 7.141560480570975367e-01
9.266666666666667496e-02 8.774590754933301184e+01 7.257986854970444046e-01
9.333333333333333759e-02 8.838243665173577313e+01 7.375173042050351402e-01
9.400000000000000022e-02 8.901904972840630137e+01 7.493113724973519130e-01
9.466666666666666285e-02 8.965574671703798515e+01 7.611803703432592494e-01
9.533333333333333937e-02 9.029252755258134755e+01 7.731237896190339409e-01
9.600000000000000200e-02 9.092939216738558628e+01 7.851411343531227160e-01
9.666666666666666463e-02 9.156634049133802478e+01 7.972319209618194957e-01
9.733333333333334114e-02 9.220337245200107645e+01 8.093956784778297830e-01
9.800000000000000377e-02 9.284048797474734727e+01 8.216319487689907053e-01
9.866666666666666641e-02 9.347768698289236511e+01 8.339402867500770311e-01
9.933333333333332904e-02 9.411496939782524862e+01 8.463202605860991046e-01
1.000000000000000056e-01 9.475233513913670436e+01 8.587714518895832594e-01
1.006666666666666682e-01 9.538978412474570234e+01 8.712934559082323727e-01
1.013333333333333308e-01 9.602731627102335210e+01 8.838858817082814179e-01
1.020000000000000073e-01 9.666493149291513021e+01 8.965483523494686136e-01
1.026666666666666700e-01 9.730262970406042200e+01 9.092805050541760137e-01
1.033333333333333326e-01 9.794041081691112538e+01 9.220819913700322168e-01
1.039999999999999952e-01 9.857827474284711400e+01 9.349524773270012634e-01
1.046666666666666717e-01 9.921622139229025095e+01 9.478916435889374048e-01
1.053333333333333344e-01 9.985425067481631345e+01 9.608991855986857011e-01
1.059999999999999970e-01 1.004923624992653828e+02 9.739748137189732091e-01
1.066666666666666735e-01 1.011305567738494489e+02 9.871182533683051652e-01
1.073333333333333361e-01 1.017688334062594038e+02 1.000329245150817448e+00
1.079999999999999988e-01 1.024071923037685252e+02 1.013607544983829545e+00
1.086666666666666614e-01 1.030456333733362015e+02 1.026952924218313301e+00
1.093333333333333379e-01 1.036841565217078767e+02 1.040365169758533437e+00
1.100000000000000006e-01 1.043227616555144692e+02 1.053844084174738516e+00
1.106666666666666632e-01 1.049614486813700012e+02 1.067389485813759142e+00
1.113333333333333397e-01 1.056002175059668673e+02 1.081001208907114153e+00
1.120000000000000023e-01 1.062390680361699111e+02 1.094679103673725562e+00
1.126666666666666650e-01 1.068780001791092644e+02 1.108423036420024044e+00
1.133333333333333276e-01 1.075170138422702877e+02 1.122232889640248032e+00
1.140000000000000041e-01 1.081561089335837380e+02 1.136108562110079490e+00
1.146666666666666667e-01 1.087952853615126543e+02 1.150049968980283221e+00
1.153333333333333294e-01 1.094345430351392139e+02 1.164057041867297082e+00
1.160000000000000059e-01 1.100738818642490315e+02 1.178129728942451937e+00
1.166666666666666685e-01 1.107133017594141506e+02 1.192267995019267168e+00
1.173333333333333311e-01 1.113528026320756936e+02 1.206471821638456676e+00
1.179999999999999938e-01 1.119923843946236843e+02 1.220741207152461483e+00
1.186666666666666703e-01 1.126320469604765293e+02 1.235076166808239728e+00
1.193333333333333329e-01 1.132717902441585238e+02 1.249476732829326142e+00
1.199999999999999956e-01 1.139116141613766757e+02 1.263942954496844129e+00
1.206666666666666721e-01 1.145515186290958241e+02 1.278474898230129941e+00
1.213333333333333347e-01 1.151915035656127060e+02 1.293072647666503538e+00
1.219999999999999973e-01 1.158315688906291143e+02 1.307736303740888895e+00
1.226666666666666738e-01 1.164717145253228239e+02 1.322465984766442393e+00
1.233333333333333365e-01 1.171119403924191573e+02 1.337261826512717189e+00
1.239999999999999991e-01 1.177522464162600357e+02 1.352123982286826953e+00
1.246666666666666617e-01 1.183926325228721055e+02 1.367052623013403245e+00
1.253333333333333244e-01 1.190330986400347655e+02 1.382047937315749708e+00
1.260000000000000009e-01 1.196736446973459636e+02 1.397110131597495863e+00
1.266666666666666496e-01 1.203142706262880068e+02 1.412239430125538764e+00
1.273333333333333262e-01 1.209549763602917665e+02 1.427436075113927672e+00
1.280000000000000027e-01 1.215957618348008822e+02 1.442700326808456168e+00
1.286666666666666514e-01 1.222366269873333806e+02 1.458032463574301163e+00
1.293333333333333279e-01 1.228775717575446151e+02 1.473432781983541773e+00
1.300000000000000044e-01 1.235185960872876620e+02 1.488901596905142233e+00
1.306666666666666532e-01 1.241596999206737735e+02 1.504439241597658405e+00
1.313333333333333297e-01 1.248008832041317220e+02 1.520046067802714340e+00
1.320000000000000062e-01 1.254421458864668608e+02 1.535722445841671835e+00
1.326666666666666550e-01 1.260834879189192179e+02 1.551468764714128978e+00
1.333333333333333315e-01 1.267249092552202541e+02 1.567285432200360651e+00
1.339999999999999802e-01 1.273664098516506442e+02 1.583172874964277055e+00
1.346666666666666567e-01 1.280079896670955009e+02 1.599131538661847873e+00
1.353333333333333333e-01 1.286496486631008622e+02 1.615161888050216987e+00
1.359999999999999820e-01 1.292913868039278782e+02 1.631264407102251290e+00
1.366666666666666585e-01 1.299332040566081901e+02 1.647439599122995313e+00
1.373333333333333350e-01 1.305751003909971644e+02 1.663687986870235003e+00
1.379999999999999838e-01 1.312170757798281784e+02 1.680010112678799850e+00
1.386666666666666603e-01 1.318591301987655982e+02 1.696406538588727031e+00
1.393333333333333368e-01 1.325012636264571597e+02 1.712877846477802946e+00
1.399999999999999856e-01 1.331434760445871177e+02 1.729424638197189390e+00
1.406666666666666621e-01 1.337857674379276602e+02 1.746047535713393994e+00
1.413333333333333386e-01 1.344281377943910343e+02 1.762747181252522166e+00
1.419999999999999873e-01 1.350705871050807616e+02 1.779524237451163948e+00
1.426666666666666639e-01 1.357131153643433095e+02 1.796379387510756764e+00
1.433333333333333126e-01 1.363557225698187665e+02 1.813313335357424894e+00
1.439999999999999891e-01 1.369984087224914902e+02 1.830326805808132784e+00
1.446666666666666656e-01 1.376411738267412375e+02 1.847420544739439174e+00
1.453333333333333144e-01 1.382840178903933577e+02 1.864595319264838791e+00
1.459999999999999909e-01 1.389269409247694114e+02 1.881851917915508654e+00
1.466666666666666397e-01 1.395699429447370505e+02 1.899191150828202002e+00
1.473333333333333162e-01 1.402130239687611208e+02 1.916613849938170855e+00
1.479999999999999927e-01 1.408561840189530017e+02 1.934120869179114077e+00
1.486666666666666414e-01 1.414994231211216231e+02 1.951713084688523114e+00
1.493333333333333179e-01 1.421427413048231756e+02 1.969391395020436253e+00
1.499999999999999944e-01 1.427861386034120130e+02 1.987156721363988243e+00
1.506666666666666432e-01 1.434296150540906751e+02 2.005010007769219005e+00
1.513333333333333197e-01 1.440731706979608759e+02 2.022952221379767046e+00
1.519999999999999962e-01 1.447168055800737534e+02 2.040984352672546187e+00
1.526666666666666450e-01 1.453605197494810852e+02 2.059107415705053956e+00
1.533333333333333215e-01 1.460043132592866186e+02 2.077322448369322672e+00
1.539999999999999980e-01 1.466481861666969166e+02 2.095630512654500510e+00
1.546666666666666468e-01 1.472921385330730857e+02 2.114032694916962551e+00
1.553333333333333233e-01 1.479361704239831852e+02 2.132530106157279892e+00
1.559999999999999720e-01 1.485802819092536708e+02 2.151123882307097279e+00
1.566666666666666485e-01 1.492244730630228275e+02 2.169815184522696949e+00
1.573333333333333250e-01 1.498687439637925820e+02 2.188605199488486086e+00
1.579999999999999738e-01 1.505130946944830157e+02 2.207495139727435607e+00
1.586666666666666503e-01 1.511575253424855703e+02 2.226486243921469210e+00
1.593333333333333268e-01 1.518020359997170488e+02 2.245579777240957142e+00
1.599999999999999756e-01 1.524466267626751517e+02 2.264777031682046804e+00
1.606666666666666521e-01 1.530912977324926487e+02 2.284079326415265232e+00
1.613333333333333286e-01 1.537360490149939096e+02 2.303488008141429511e+00
1.619999999999999774e-01 1.543808807207514064e+02 2.323004451458316133e+00
1.626666666666666539e-01 1.550257929651419033e+02 2.342630059237906792e+00
1.633333333333333304e-01 1.556707858684044936e+02 2.362366263011773437e+00
1.639999999999999791e-01 1.563158595556992907e+02 2.382214523367546910e+00
1.646666666666666556e-01 1.569610141571654083e+02 2.402176330356639689e+00
1.653333333333333321e-01 1.576062498079813849e+02 2.422253203910151420e+00
1.659999999999999809e-01 1.582515666484250687e+02 2.442446694267987439e+00
1.666666666666666574e-01 1.588969648239352068e+02 2.462758382416639247e+00
1.673333333333333062e-01 1.595424444851729220e+02 2.483189880539347083e+00
1.679999999999999827e-01 1.601880057880851780e+02 2.503742832476381519e+00
1.686666666666666592e-01 1.608336488939676485e+02 2.524418914197532615e+00
1.693333333333333079e-01 1.614793739695294903e+02 2.545219834285896710e+00
1.699999999999999845e-01 1.621251811869592245e+02 2.566147334431914118e+00
1.706666666666666610e-01 1.627710707239903911e+02 2.587203189941709613e+00
1.713333333333333097e-01 1.634170427639695049e+02 2.608389210254541180e+00
1.719999999999999862e-01 1.640630974959238415e+02 2.629707239475031599e+00
1.726666666666666627e-01 1.647092351146313547e+02 2.651159156915058546e+00
1.733333333333333115e-01 1.653554558206903664e+02 2.672746877650716613e+00
1.739999999999999880e-01 1.660017598205919569e+02 2.694472353088830374e+00
1.746666666666666645e-01 1.666481473267914737e+02 2.716337571548891550e+00
1.753333333333333133e-01 1.672946185577833660e+02 2.738344558856141475e+00
1.759999999999999898e-01 1.679411737381749674e+02 2.760495378948136569e+00
1.766666666666666385e-01 1.685878130987634336e+02 2.782792134494091130e+00
1.773333333333333151e-01 1.692345368766127365e+02 2.805236967528112135e+00
1.779999999999999916e-01 1.698813453151318527e+02 2.827832060094868094e+00
1.786666666666666403e-01 1.705282386641548840e+02 2.850579634909255144e+00
1.793333333333333168e-01 1.711752171800223721e+02 2.873481956029455553e+00
1.799999999999999933e-01 1.718222811256630962e+02 2.896541329543609322e+00
1.824941724941724908e-01 1.742438771118665670e+02 2.984245707211757193e+00
1.849883449883449882e-01 1.766666877079610742e+02 3.074310403330939856e+00
1.874825174825174856e-01 1.790907292751842022e+02 3.166873001667123155e+00
1.899766899766899830e-01 1.815160196331684404e+02 3.262080738009640601e+00
1.924708624708624527e-01 1.839425781332745373e+02 3.360091125831545344e+00
1.949650349650349501e-01 1.863704257364814225e+02 3.461072620490333041e+00
1.974592074592074475e-01 1.887995850960296593e+02 3.565205321164018226e+00
1.999533799533799450e-01 1.912300806449860602e+02 3.672681708844474535e+00
2.024475524475524424e-01 1.936619386888551446e+02 3.783707417823584329e+00
2.049417249417249398e-01 1.960951875033216254e+02 3.898502037024916156e+00
2.074358974358974372e-01 1.985298574371420557e+02 4.017299936270233296e+00
2.099300699300699347e-01 2.009659810201441701e+02 4.140351111076980395e+00
2.124242424242424043e-01 2.034035930761994848e+02 4.267922037882067698e+00
2.149184149184149017e-01 2.058427308409470697e+02 4.400296529619747155e+00
2.174125874125873992e-01 2.082834340839251865e+02 4.537776579385722542e+00
2.199067599067598966e-01 2.107257452346410957e+02 4.680683177455136956e+00
2.224009324009323940e-01 2.131697095119563414e+02 4.829357084228167452e+00
2.248951048951048914e-01 2.156153750559990101e+02 4.984159538764770581e+00
2.273892773892773889e-01 2.180627930616180663e+02 5.145472879499162211e+00
2.298834498834498863e-01 2.205120179121927606e+02 5.313701050544262117e+00
2.323776223776223837e-01 2.229631073123772467e+02 5.489269963824630061e+00
2.348717948717948811e-01 2.254161224181160605e+02 5.672627684240307389e+00
2.373659673659673786e-01 2.278711279620121104e+02 5.864244402308353088e+00
2.398601398601398760e-01 2.303281923718597000e+02 6.064612156498887074e+00
2.423543123543123456e-01 2.327873878798939984e+02 6.274244265981101520e+00
2.448484848484848431e-01 2.352487906200491921e+02 6.493674434021807329e+00
2.473426573426573405e-01 2.377124807102827049e+02 6.723455483138702782e+00
2.498368298368298379e-01 2.401785423168170723e+02 6.964157685598667769e+00
2.523310023310023631e-01 2.426470636970019541e+02 7.216366657285680830e+00
2.548251748251748050e-01 2.451181372174009709e+02 7.480680789622817350e+00
2.573193473193473024e-01 2.475918593437112918e+02 7.757708203280897052e+00
2.598135198135197999e-01 2.500683305992077123e+02 8.048063218980342270e+00
2.623076923076922973e-01 2.525476554886216434e+02 8.352362354696181157e+00
2.648018648018647947e-01 2.550299423847010871e+02 8.671219874727849941e+00
2.672960372960372921e-01 2.575153033751775524e+02 9.005242934443185021e+00
2.697902097902097895e-01 2.600038540684878967e+02 9.355026382436514965e+00
2.722843822843822870e-01 2.624957133573562373e+02 9.721147302716278915e+00
2.747785547785547844e-01 2.649910031402248478e+02 1.010415939615303849e+01
2.772727272727272818e-01 2.674898480014999791e+02 1.050458731739632157e+01
2.797668997668997792e-01 2.699923748526384770e+02 1.092292109578972159e+01
2.822610722610722767e-01 2.724987125371662273e+02 1.135961077686246590e+01
2.847552447552447741e-01 2.750089914037897643e+02 1.181506142335239673e+01
2.872494172494172715e-01 2.775233428527398019e+02 1.228962861082503544e+01
2.897435897435897134e-01 2.800418988613537863e+02 1.278361454251498230e+01
2.922377622377622108e-01 2.825647914955993656e+02 1.329726489129535238e+01
2.947319347319347083e-01 2.850921524147265700e+02 1.383076645437558305e+01
2.972261072261072057e-01 2.876241123764874033e+02 1.438424567966044165e+01
2.997202797202797031e-01 2.901608007503570548e+02 1.495776809320292067e+01
3.022144522144522005e-01 2.927023450459400351e+02 1.555133862661617172e+01
3.047086247086246980e-01 2.952488704632557983e+02 1.616490281353035385e+01
3.072027972027971954e-01 2.978004994709003199e+02 1.679834879686234217e+01
3.096969696969696928e-01 3.003573514172210821e+02 1.745151006530501192e+01
3.121911421911421902e-01 3.029195421786570819e+02 1.812416881907722299e+01
3.146853146853146876e-01 3.054871838483452393e+02 1.881605985227228928e+01
3.171794871794871851e-01 3.080603844670214357e+02 1.952687483226909748e+01
3.196736596736596825e-01 3.106392477972013921e+02 2.025626685539285177e+01
3.221678321678321799e-01 3.132238731406503689e+02 2.100385516175505529e+01
3.246620046620046773e-01 3.158143551982672648e+02 2.176922990013128967e+01
3.271561771561771748e-01 3.184107839707588141e+02 2.255195684487073038e+01
3.296503496503496722e-01 3.210132446978491316e+02 2.335158198014582354e+01
3.321445221445221696e-01 3.236218178332904927e+02 2.416763588137427732e+01
3.346386946386946670e-01 3.262365790525907414e+02 2.499963783847490717e+01
3.371328671328671645e-01 3.288575992901523932e+02 2.584709968004571579e+01
3.396270396270396619e-01 3.314849448024158391e+02 2.670952927098226226e+01
3.421212121212121593e-01 3.341186772535856448e+02 2.758643366812332687e+01
3.446153846153846567e-01 3.367588538206039743e+02 2.847732192893878178e+01
3.471095571095571541e-01 3.394055273141697739e+02 2.938170757699869640e+01
3.496037296037296516e-01 3.420587463127955061e+02 3.029911073495047091e+01
3.520979020979020935e-01 3.447185553071198001e+02 3.122905994110123373e+01
3.545920745920745909e-01 3.473849948519394957e+02 3.217109366957880923e+01
3.570862470862470883e-01 3.500581017236815455e+02 3.312476157662298704e+01
3.595804195804195857e-01 3.527379090812974596e+02 3.408962549701607969e+01
3.620745920745920832e-01 3.554244466288096760e+02 3.506526021521576553e+01
3.645687645687645806e-01 3.581177407779875921e+02 3.605125403556388619e+01
3.670629370629370780e-01 3.608178148098556335e+02 3.704720917520901224e+01
3.695571095571095754e-01 3.635246890339427637e+02 3.805274200222588377e+01
3.720512820512820729e-01 3.662383809443785481e+02 3.906748313998366484e+01
3.745454545454545148e-01 3.689589053721105074e+02 4.009107745720285010e+01
3.770396270396270122e-01 3.716862746326709157e+02 4.112318396144649313e+01
3.795337995337995096e-01 3.744204986690529040e+02 4.216347561206639938e+01
3.820279720279720070e-01 3.771615851893789113e+02 4.321163906693297463e+01
3.845221445221445045e-01 3.799095397991380878e+02 4.426737437565115130e+01
3.870163170163170019e-01 3.826643661278604327e+02 4.533039463042892692e+01
3.895104895104894993e-01 3.854260659501651958e+02 4.640042558433389530e+01
3.920046620046619967e-01 3.881946393011829173e+02 4.747720524536339326e+01
3.944988344988344942e-01 3.909700845864002758e+02 4.856048345356431639e+01
3.969930069930069916e-01 3.937523986860143168e+02 4.965002144735969836e+01
3.994871794871794890e-01 3.965415770539220830e+02 5.074559142428853420e+01
4.019813519813519864e-01 3.993376138114870741e+02 5.184697610051481576e+01
4.044755244755244838e-01 4.021405018362522696e+02 5.295396827271292040e+01
4.069696969696969813e-01 4.049502328457776912e+02 5.406637038528936046e+01
4.094638694638694787e-01 4.077667974767931014e+02 5.518399410533119465e+01
4.119580419580419761e-01 4.105901853598617777e+02 5.630665990718279090e+01
4.144522144522144735e-01 4.134203851897524942e+02 5.743419666813539237e+01
4.169463869463869710e-01 4.162573847917205967e+02 5.856644127634942265e+01
4.194405594405594684e-01 4.191011711838984297e+02 5.970323825182951794e+01
4.219347319347319658e-01 4.219517306359845747e+02 6.084443938101933469e+01
4.244289044289044632e-01 4.248090487244292035e+02 6.198990336535694468e+01
4.269230769230769607e-01 4.276731103842965354e+02 6.313949548396569611e+01
4.294172494172494581e-01 4.305438999579867527e+02 6.429308727049837557e+01
4.319114219114219000e-01 4.334214012409891552e+02 6.545055620403975638e+01
4.344055944055943974e-01 4.363055975248339564e+02 6.661178541386752272e+01
4.368997668997668948e-01 4.391964716374019417e+02 6.777666339780226679e+01
4.393939393939393923e-01 4.420940059807417697e+02 6.894508375381118981e+01
4.418881118881118897e-01 4.449981825665434485e+02 7.011694492448502558e+01
4.443822843822843871e-01 4.479089830494037869e+02 7.129214995397464349e+01
4.468764568764568845e-01 4.508263887580141045e+02 7.247060625694702196e+01
4.493706293706293819e-01 4.537503807243933238e+02 7.365222539910989497e+01
4.518648018648018794e-01 4.566809397112883744e+02 7.483692288883425192e+01
4.543589743589743768e-01 4.596180462378439415e+02 7.602461797941678867e+01
4.568531468531468742e-01 4.625616806036554749e+02 7.721523348150658705e+01
4.593473193473193716e-01 4.655118229112979407e+02 7.840869558524263994e+01
4.618414918414918691e-01 4.684684530874230859e+02 7.960493369164906596e+01
4.643356643356643665e-01 4.714315509025175288e+02 8.080388025283787101e+01
4.668298368298368639e-01 4.744010959893976178e+02 8.200547062060161352e+01
4.693240093240093613e-01 4.773770678605237663e+02 8.320964290296629429e+01
4.718181818181818588e-01 4.803594459242029870e+02 8.441633782831242172e+01
4.743123543123543562e-01 4.833482094997505669e+02 8.562549861667156392e+01
4.768065268065267981e-01 4.863433378316739208e+02 8.683707085782705803e+01
4.793006993006992955e-01 4.893448101029381974e+02 8.805100239586758448e+01
4.817948717948717929e-01 4.923526054473724685e+02 8.926724321984413280e+01
4.842890442890442904e-01 4.953667029612660713e+02 9.048574536021833126e+01
4.867832167832167878e-01 4.983870817142090459e+02 9.170646279078069085e+01
4.892773892773892852e-01 5.014137207592191317e+02 9.292935133575051054e+01
4.917715617715617826e-01 5.044465991422035813e+02 9.415436858178009061e+01
4.942657342657342801e-01 5.074856959107922307e+02 9.538147379458865771e+01
4.967599067599067775e-01 5.105309901225840008e+02 9.661062783998588088e+01
4.992540792540792749e-01 5.135824608528417912e+02 9.784179310903385840e+01
5.017482517482517723e-01 5.166400872016694166e+02 9.907493344713266481e+01
5.042424242424242697e-01 5.197038483007015657e+02 1.003100140868062056e+02
5.067365967365967672e-01 5.227737233193396378e+02 1.015470015839914311e+02
5.092307692307692646e-01 5.258496914705573317e+02 1.027858637576372587e+02
5.117249417249417620e-01 5.289317320163065688e+02 1.040265696324302098e+02
5.142191142191142594e-01 5.320198242725433602e+02 1.052690893844823563e+02
5.167132867132867569e-01 5.351139476139026101e+02 1.065133942898092698e+02
5.192074592074592543e-01 5.382140814780378832e+02 1.077594566754558940e+02
5.217016317016317517e-01 5.413202053696502389e+02 1.090072498731185959e+02
5.241958041958041381e-01 5.444322988642238670e+02 1.102567481751307810e+02
5.266899766899766355e-01 5.475503416114871698e+02 1.115079267926836906e+02
5.291841491841491329e-01 5.506743133386133877e+02 1.127607618161709553e+02
5.316783216783216304e-01 5.538041938531810047e+02 1.140152301774725458e+02
5.341724941724941278e-01 5.569399630459048467e+02 1.152713096142491622e+02
5.366666666666666252e-01 5.600816008931545866e+02 1.165289786359034991e+02
5.391608391608391226e-01 5.632290874592708860e+02 1.177882164912972343e+02
5.416550116550116201e-01 5.663824028986944086e+02 1.190490031380539477e+02
5.441491841491841175e-01 5.695415274579171410e+02 1.203113192133805285e+02
5.466433566433566149e-01 5.727064414772670489e+02 1.215751460063214466e+02
5.491375291375291123e-01 5.758771253925383462e+02 1.228404654313731186e+02
5.516317016317016098e-01 5.790535597364720388e+02 1.241072600033853064e+02
5.541258741258741072e-01 5.822357251401037956e+02 1.253755128136778154e+02
5.566200466200466046e-01 5.854236023339771009e+02 1.266452075073155044e+02
5.591142191142191020e-01 5.886171721492410143e+02 1.279163282614739927e+02
5.616083916083915994e-01 5.918164155186275366e+02 1.291888597648451764e+02
5.641025641025640969e-01 5.950213134773306365e+02 1.304627871980187308e+02
5.665967365967365943e-01 5.982318471637761377e+02 1.317380962148029937e+02
5.690909090909090917e-01 6.014479978203055452e+02 1.330147729244219477e+02
5.715850815850815891e-01 6.046697467937656256e+02 1.342928038745540391e+02
5.740792540792540866e-01 6.078970755360202247e+02 1.355721760351627552e+02
5.765734265734265840e-01 6.111299656043806863e+02 1.368528767830819959e+02
5.790675990675990814e-01 6.143683986619674897e+02 1.381348938873152861e+02
5.815617715617715788e-01 6.176123564779994695e+02 1.394182154950162271e+02
5.840559440559440763e-01 6.208618209280233486e+02 1.407028301181087500e+02
5.865501165501165737e-01 6.241167739940809724e+02 1.419887266205239769e+02
5.890442890442890711e-01 6.273771977648223128e+02 1.432758942060145273e+02
5.915384615384615685e-01 6.306430744355649267e+02 1.445643224065207733e+02
5.940326340326340659e-01 6.339143863083039605e+02 1.458540010710647437e+02
5.965268065268065634e-01 6.371911157916796355e+02 1.471449203551351275e+02
5.990209790209790608e-01 6.404732454008969853e+02 1.484370707105535416e+02
6.015151515151515582e-01 6.437607577576105768e+02 1.497304428757857409e+02
6.040093240093240556e-01 6.470536355897673957e+02 1.510250278666798636e+02
6.065034965034965531e-01 6.503518617314193762e+02 1.523208169676145474e+02
6.089976689976690505e-01 6.536554191224996657e+02 1.536178017230338071e+02
6.114918414918415479e-01 6.569642908085697854e+02 1.549159739293454550e+02
6.139860139860140453e-01 6.602784599405407562e+02 1.562153256271733994e+02
6.164801864801865428e-01 6.635979097743643251e+02 1.575158490939435012e+02
6.189743589743590402e-01 6.669226236707028193e+02 1.588175368367830345e+02
6.214685314685315376e-01 6.702525850945735328e+02 1.601203815857255961e+02
6.239627039627040350e-01 6.735877776149764031e+02 1.614243762871984984e+02
6.264568764568765324e-01 6.769281849044971295e+02 1.627295140977898882e+02
6.289510489510490299e-01 6.802737907388957410e+02 1.640357883782704107e+02
6.314452214452215273e-01 6.836245789966774282e+02 1.653431926878662921e+02
6.339393939393940247e-01 6.869805336586473459e+02 1.666517207787688335e+02
6.364335664335665221e-01 6.903416388074524548e+02 1.679613665908659925e+02
6.389277389277390196e-01 6.937078786271106310e+02 1.692721242466914759e+02
6.414219114219115170e-01 6.970792374025248819e+02 1.705839880465777867e+02
6.439160839160840144e-01 7.004556995189908548e+02 1.718969524640025384e+02
6.464102564102565118e-01 7.038372494616904760e+02 1.732110121411219836e+02
6.489044289044290093e-01 7.072238718151796775e+02 1.745261618844803309e+02
6.513986013986015067e-01 7.106155512628658926e+02 1.758423966608885962e+02
6.538927738927740041e-01 7.140122725864781614e+02 1.771597115934657154e+02
6.563869463869465015e-01 7.174140206655309839e+02 1.784781019578288976e+02
6.588811188811189989e-01 7.208207804767826019e+02 1.797975631784353823e+02
6.613752913752913853e-01 7.242325370936874833e+02 1.811180908250593120e+02
6.638694638694638828e-01 7.276492756858432358e+02 1.824396806094055421e+02
6.663636363636363802e-01 7.310709815184347917e+02 1.837623283818469133e+02
6.688578088578088776e-01 7.344976399516726815e+02 1.850860301282854721e+02
6.713519813519813750e-01 7.379292364402319890e+02 1.864107819671274058e+02
6.738461538461538725e-01 7.413657565326850545e+02 1.877365801463684249e+02
6.763403263403263699e-01 7.448071858709328126e+02 1.890634210407854994e+02
6.788344988344988673e-01 7.482535101896351080e+02 1.903913011492273029e+02
6.813286713286714757e-01 7.517047153156407830e+02 1.917202170920006665e+02
6.838228438228437511e-01 7.551607871674123089e+02 1.930501656083493742e+02
6.863170163170162485e-01 7.586217117544556459e+02 1.943811435540183084e+02
6.888111888111887460e-01 7.620874751767451016e+02 1.957131478989030029e+02
6.913053613053612434e-01 7.655580636241492130e+02 1.970461757247754520e+02
6.937995337995337408e-01 7.690334633758590144e+02 1.983802242230879358e+02
6.962937062937062382e-01 7.725136607998148293e+02 1.997152906928466791e+02
6.987878787878787357e-01 7.759986423521326060e+02 2.010513725385589794e+02
7.012820512820512331e-01 7.794883945765342332e+02 2.023884672682382302e+02
7.037762237762237305e-01 7.829829041037780826e+02 2.037265724914778673e+02
7.062703962703962279e-01 7.864821576510880732e+02 2.050656859175832381e+02
7.087645687645687254e-01 7.899861420215876251e+02 2.064058053537585238e+02
7.112587412587412228e-01 7.934948441037355451e+02 2.077469287033495959e+02
7.137529137529137202e-01 7.970082508707604347e+02 2.090890539641378609e+02
7.162470862470862176e-01 8.005263493801003278e+02 2.104321792266838145e+02
7.187412587412587150e-01 8.040491267728418734e+02 2.117763026727160991e+02
7.212354312354312125e-01 8.075765702731652027e+02 2.131214225735666616e+02
7.237296037296037099e-01 8.111086671877876597e+02 2.144675372886474918e+02
7.262237762237762073e-01 8.146454049054111692e+02 2.158146452639682309e+02
7.287179487179487047e-01 8.181867708961736980e+02 2.171627450306917240e+02
7.312121212121212022e-01 8.217327527111013978e+02 2.185118352037267186e+02
7.337062937062936996e-01 8.252833379815638182e+02 2.198619144803554377e+02
7.362004662004661970e-01 8.288385144187327569e+02 2.212129816388931260e+02
7.386946386946386944e-01 8.323982698130437257e+02 2.225650355373809077e+02
7.411888111888111919e-01 8.359625920336598028e+02 2.239180751123067239e+02
7.436829836829836893e-01 8.395314690279378738e+02 2.252720993773559996e+02
7.461771561771561867e-01 8.431048888209003280e+02 2.266271074221884305e+02
7.486713286713286841e-01 8.466828395147070978e+02 2.279830984112401495e+02
7.511655011655011815e-01 8.502653092881317889e+02 2.293400715825517580e+02
7.536596736596736790e-01 8.538522863960428140e+02 2.306980262466160241e+02
7.561538461538461764e-01 8.574437591688820248e+02 2.320569617852523265e+02
7.586480186480186738e-01 8.610397160121549405e+02 2.334168776504950813e+02
7.611421911421911712e-01 8.646401454059151774e+02 2.347777733635090556e+02
7.636363636363636687e-01 8.682450359042602486e+02 2.361396485135165335e+02
7.661305361305361661e-01 8.718543761348231556e+02 2.375025027567465656e+02
7.686247086247086635e-01 8.754681547982730763e+02 2.388663358153972922e+02
7.711188811188811609e-01 8.790863606678155975e+02 2.402311474766165418e+02
7.736130536130536584e-01 8.827089825886972676e+02 2.415969375914949637e+02
7.761072261072261558e-01 8.863360094777139011e+02 2.429637060740738548e+02
7.786013986013986532e-01 8.899674303227216114e+02 2.443314529003662301e+02
7.810955710955711506e-01 8.936032341821498903e+02 2.457001781073873019e+02
7.835897435897436480e-01 8.972434101845198029e+02 2.470698817922036028e+02
7.860839160839161455e-01 9.008879475279644566e+02 2.484405641109805458e+02
7.885780885780886429e-01 9.045368354797502661e+02 2.498122252780513861e+02
7.910722610722611403e-01 9.081900633758077674e+02 2.511848655649996545e+02
7.935664335664336377e-01 9.118476206202553840e+02 2.525584852997244809e+02
7.960606060606061352e-01 9.155094966849384264e+02 2.539330848655437194e+02
7.985547785547786326e-01 9.191756811089582015e+02 2.553086647002923257e+02
8.010489510489511300e-01 9.228461634982171518e+02 2.566852252954232085e+02
8.035431235431236274e-01 9.265209335249555807e+02 2.580627671951242519e+02
8.060372960372961249e-01 9.301999809272982702e+02 2.594412909954345992e+02
8.085314685314686223e-01 9.338832955088012113e+02 2.608207973433704865e+02
8.110256410256411197e-01 9.375708671380027681e+02 2.622012869360523837e+02
8.135198135198136171e-01 9.412626857479780256e+02 2.635827605198402352e+02
8.160139860139861145e-01 9.449587413358901813e+02 2.649652188894747269e+02
8.185081585081586120e-01 9.486590239625553522e+02 2.663486628872148003e+02
8.210023310023311094e-01 9.523635237519999919e+02 2.677330934019889810e+02
8.234965034965036068e-01 9.560722308910277434e+02 2.691185113685431247e+02
8.259906759906761042e-01 9.597851356287847011e+02 2.705049177665930529e+02
8.284848484848486017e-01 9.635022282763304702e+02 2.718923136199809392e+02
8.309790209790210991e-01 9.672234992062099082e+02 2.732806999958349934e+02
8.334731934731935965e-01 9.709489388520283910e+02 2.746700780037285199e+02
8.359673659673660939e-01 9.746785377080292392e+02 2.760604487948427277e+02
8.384615384615385913e-01 9.784122863286738720e+02 2.774518135611330649e+02
8.409557109557110888e-01 9.821501753282248046e+02 2.788441735344934500e+02
8.434498834498835862e-01 9.858921953803304632e+02 2.802375299859278357e+02
8.459440559440560836e-01 9.896383372176125022e+02 2.816318842247152929e+02
8.484382284382285810e-01 9.933885916312570998e+02 2.830272375975829391e+02
8.509324009324010785e-01 9.971429494706045489e+02 2.844235914878789799e+02
8.534265734265735759e-01 1.000901401642747828e+03 2.858209473147427389e+02
8.559207459207460733e-01 1.004663939112126172e+03 2.872193065322792336e+02
8.584149184149185707e-01 1.008430552900127168e+03 2.886186706287344350e+02
8.609090909090910682e-01 1.012201234084685780e+03 2.900190411256709240e+02
8.634032634032635656e-01 1.015975973799890767e+03 2.914204195771413879e+02
8.658974358974358410e-01 1.019754763235587916e+03 2.928228075688675744e+02
8.683916083916083384e-01 1.023537593636991687e+03 2.942262067174385152e+02
8.708857808857808358e-01 1.027324456304292653e+03 2.956306186693983022e+02
8.733799533799533332e-01 1.031115342592270054e+03 2.970360451005618643e+02
8.758741258741258306e-01 1.034910243909909013e+03 2.984424877150997304e+02
8.783682983682983281e-01 1.038709151720014916e+03 2.998499482447431319e+02
8.808624708624708255e-01 1.042512057538830504e+03 3.012584284479640928e+02
8.833566433566433229e-01 1.046318952935661400e+03 3.026679301091544403e+02
8.858508158508158203e-01 1.050129829532493659e+03 3.040784550378085669e+02
8.883449883449883178e-01 1.053944679003620422e+03 3.054900050677057379e+02
8.908391608391608152e-01 1.057763493075269707e+03 3.069025820560925695e+02
8.933333333333333126e-01 1.061586263525230834e+03 3.083161878828677800e+02
8.958275058275058100e-01 1.065412982182483574e+03 3.097308244497662599e+02
8.983216783216783075e-01 1.069243640926834360e+03 3.111464936795468930e+02
9.008158508158508049e-01 1.073078231688545202e+03 3.125631975151766255e+02
9.033100233100233023e-01 1.076916746447974447e+03 3.139809379190219261e+02
9.058041958041957997e-01 1.080759177235209336e+03 3.153997168720371747e+02
9.082983682983682971e-01 1.084605516129709258e+03 3.168195363729571454e+02
9.107925407925407946e-01 1.088455755259943999e+03 3.182403984374876700e+02
9.132867132867132920e-01 1.092309886803037671e+03 3.196623050975035767e+02
9.157808857808857894e-01 1.096167902984414013e+03 3.210852584002419690e+02
9.182750582750582868e-01 1.100029796077440778e+03 3.225092604075040299e+02
9.207692307692307843e-01 1.103895558403077757e+03 3.239343131948529049e+02
9.232634032634032817e-01 1.107765182329528216e+03 3.253604188508205084e+02
9.257575757575757791e-01 1.111638660271887602e+03 3.267875794761088173e+02
9.282517482517482765e-01 1.115515984691796575e+03 3.282157971828028167e+02
9.307459207459207740e-01 1.119397148097097670e+03 3.296450740935775343e+02
9.332400932400932714e-01 1.123282143041486961e+03 3.310754123409160457e+02
9.357342657342657688e-01 1.127170962124177095e+03 3.325068140663233862e+02
9.382284382284382662e-01 1.131063597989550999e+03 3.339392814195506958e+02
9.407226107226107636e-01 1.134960043326825826e+03 3.353728165578177141e+02
9.432167832167832611e-01 1.138860290869713253e+03 3.368074216450409608e+02
9.457109557109557585e-01 1.142764333396085703e+03 3.382430988510648717e+02
9.482051282051282559e-01 1.146672163727638690e+03 3.396798503509007787e+02
9.506993006993007533e-01 1.150583774729558172e+03 3.411176783239651513e+02
9.531934731934732508e-01 1.154499159310192226e+03 3.425565849533246592e+02
9.556876456876457482e-01 1.158418310420714761e+03 3.439965724249462369e+02
9.581818181818182456e-01 1.162341221054802418e+03 3.454376429269522077e+02
9.606759906759907430e-01 1.166267884248303972e+03 3.468797986488773404e+02
9.631701631701632405e-01 1.170198293078916322e+03 3.483230417809385813e+02
9.656643356643357379e-01 1.174132440665858439e+03 3.497673745132998420e+02
9.681585081585082353e-01 1.178070320169550769e+03 3.512127990353529299e+02
9.706526806526807327e-01 1.182011924791291676e+03 3.526593175349958642e+02
9.731468531468532301e-01 1.185957247772939809e+03 3.541069321979228448e+02
9.756410256410257276e-01 1.189906282396593269e+03 3.555556452069177453e+02
9.781351981351982250e-01 1.193859021984274477e+03 3.570054587411559055e+02
9.806293706293707224e-01 1.197815459897614119e+03 3.584563749755109257e+02
9.831235431235432198e-01 1.201775589537537371e+03 3.599083960798674866e+02
9.856177156177157173e-01 1.205739404343949445e+03 3.613615242184456520e+02
9.881118881118882147e-01 1.209706897795428858e+03 3.628157615491255683e+02
9.906060606060607121e-01 1.213678063408912521e+03 3.642711102227870015e+02
9.931002331002332095e-01 1.217652894739390831e+03 3.657275723826513172e+02
9.955944055944057069e-01 1.221631385379599351e+03 3.671851501636317039e+02
9.980885780885782044e-01 1.225613528959715950e+03 3.686438456916941959e+02
1.000582750582750702e+00 1.229599319147052483e+03 3.701036610832237557e+02
1.003076923076923199e+00 1.233588749645757616e+03 3.715645984444000192e+02
1.005571095571095697e+00 1.237581814196512141e+03 3.730266598705812839e+02
1.008065268065268194e+00 1.241578506576230893e+03 3.744898474456991835e+02
1.010559440559440691e+00 1.245578820597765571e+03 3.759541632416558627e+02
1.013053613053613189e+00 1.249582750109606422e+03 3.774196093177380362e+02
1.015547785547785686e+00 1.253590288995587798e+03 3.788861877200361619e+02
1.018041958041958184e+00 1.257601431174596200e+03 3.803539004808703794e+02
1.020536130536130681e+00 1.261616170600276291e+03 3.818227496182302048e+02
1.023030303030303179e+00 1.265634501260741445e+03 3.832927371352245700e+02
1.025524475524475676e+00 1.269656417178284300e+03 3.847638650195331138e+02
1.028018648018648173e+00 1.273681912409088454e+03 3.862361352428792429e+02
1.030512820512820671e+00 1.277710981042944468e+03 3.877095497605014316e+02
1.033006993006993168e+00 1.281743617202963151e+03 3.891841105106441887e+02
1.035501165501165666e+00 1.285779815045293844e+03 3.906598194140531177e+02
1.037995337995338163e+00 1.289819568758842252e+03 3.921366783734810610e+02
1.040489510489510661e+00 1.293862872564991903e+03 3.936146892732072615e+02
1.042983682983683158e+00 1.297909720717323125e+03 3.950938539785641979e+02
1.045477855477855655e+00 1.301960107501339280e+03 3.965741743354756750e+02
1.047972027972027931e+00 1.306014027234187779e+03 3.980556521700062262e+02
1.050466200466200428e+00 1.310071474264390417e+03 3.995382892879202927e+02
1.052960372960372926e+00 1.314132442971569390e+03 4.010220874742513502e+02
1.055454545454545423e+00 1.318196927766174895e+03 4.025070484928841097e+02
1.057948717948717920e+00 1.322264923089218428e+03 4.039931740861461549e+02
1.060442890442890418e+00 1.326336423412005615e+03 4.054804659744098672e+02
1.062937062937062915e+00 1.330411423235867915e+03 4.069689258557067433e+02
1.065431235431235413e+00 1.334489917091901361e+03 4.084585554053511487e+02
1.067925407925407910e+00 1.338571899540701224e+03 4.099493562755772018e+02
1.070419580419580408e+00 1.342657365172102118e+03 4.114413300951844121e+02
1.072913752913752905e+00 1.346746308604920387e+03 4.129344784691950281e+02
1.075407925407925402e+00 1.350838724486693081e+03 4.144288029785235494e+02
1.077902097902097900e+00 1.354934607493423073e+03 4.159243051796565283e+02
1.080396270396270397e+00 1.359033952329326667e+03 4.174209866043430566e+02
1.082890442890442895e+00 1.363136753726577126e+03 4.189188487592961110e+02
1.085384615384615392e+00 1.367243006445056608e+03 4.204178931259086767e+02
1.087878787878787890e+00 1.371352705272105140e+03 4.219181211599731114e+02
1.090372960372960387e+00 1.375465845022272333e+03 4.234195342914217122e+02
1.092867132867132884e+00 1.379582420537072267e+03 4.249221339240689304e+02
1.095361305361305382e+00 1.383702426684738612e+03 4.264259214353697303e+02
1.097855477855477879e+00 1.387825858359982476e+03 4.279308981761894870e+02
1.100349650349650377e+00 1.391952710483749343e+03 4.294370654705803645e+02
1.102843822843822874e+00 1.396082978002981463e+03 4.309444246155737801e+02
1.105337995337995372e+00 1.400216655890379798e+03 4.324529768809801453e+02
1.107832167832167869e+00 1.404353739144168003e+03 4.339627235091999182e+02
1.110326340326340366e+00 1.408494222787857098e+03 4.354736657150472183e+02
1.112820512820512864e+00 1.412638101870013770e+03 4.369858046855827070e+02
1.115314685314685361e+00 1.416785371464031414e+03 4.384991415799557899e+02
1.117808857808857859e+00 1.420936026667895931e+03 4.400136775292597804e+02
1.120303030303030356e+00 1.425090062603964498e+03 4.415294136363958160e+02
1.122797202797202853e+00 1.429247474418733873e+03 4.430463509759488261e+02
1.125291375291375351e+00 1.433408257282622571e+03 4.445644905940700369e+02
1.127785547785547848e+00 1.437572406389743719e+03 4.460838335083763013e+02
1.130279720279720346e+00 1.441739916957685637e+03 4.476043807078497139e+02
1.132773892773892843e+00 1.445910784227296745e+03 4.491261331527582001e+02
1.135268065268065341e+00 1.450085003462463646e+03 4.506490917745754246e+02
1.137762237762237838e+00 1.454262569949898761e+03 4.521732574759206500e+02
1.140256410256410335e+00 1.458443478998926366e+03 4.536986311304976880e+02
1.142750582750582833e+00 1.462627725941270228e+03 4.552252135830552788e+02
1.145244755244755330e+00 1.466815306130846466e+03 4.567530056493426400e+02
1.147738927738927828e+00 1.471006214943550049e+03 4.582820081160878090e+02
1.150233100233100325e+00 1.475200447777054023e+03 4.598122217409751897e+02
1.152727272727272823e+00 1.479398000050601240e+03 4.613436472526402099e+02
1.155221445221445320e+00 1.483598867204802900e+03 4.628762853506650004e+02
1.157715617715617817e+00 1.487803044701438012e+03 4.644101367055880019e+02
1.160209790209790315e+00 1.492010528023250799e+03 4.659452019589204497e+02
1.162703962703962812e+00 1.496221312673758348e+03 4.674814817231722373e+02
1.165198135198135310e+00 1.500435394177050284e+03 4.690189765818331580e+02
1.167692307692307807e+00 1.504652768077597784e+03 4.705576870896106811e+02
1.170186480186480305e+00 1.508873429940057122e+03 4.720976137721971782e+02
1.172680652680652802e+00 1.513097375349083677e+03 4.736387571265086649e+02
1.175174825174825299e+00 1.517324599909140943e+03 4.751811176207062886e+02
1.177668997668997797e+00 1.521555099244313851e+03 4.767246956942682345e+02
1.180163170163170294e+00 1.525788868998123462e+03 4.782694917580715810e+02
1.182657342657342792e+00 1.530025904833341656e+03 4.798155061944788145e+02
1.185151515151515067e+00 1.534266202431812189e+03 4.813627393574320195e+02
1.187645687645687564e+00 1.538509757494269024e+03 4.829111915725545146e+02
1.190139860139860062e+00 1.542756565740157612e+03 4.844608631372589684e+02
1.192634032634032559e+00 1.547006622907460041e+03 4.860117543208607458e+02
1.195128205128205057e+00 1.551259924752517236e+03 4.875638653647029059e+02
1.197622377622377554e+00 1.555516467049857965e+03 4.891171964822800646e+02
1.200116550116550052e+00 1.559776245592028317e+03 4.906717478593737383e+02
1.202610722610722549e+00 1.564039256189417074e+03 4.922275196541916671e+02
1.205104895104895046e+00 1.568305494670094049e+03 4.937845119975137322e+02
1.207599067599067544e+00 1.572574956879638876e+03 4.953427249928433866e+02
1.210093240093240041e+00 1.576847638680979117e+03 4.969021587165627807e+02
1.212587412587412539e+00 1.581123535954224963e+03 4.984628132180968123e+02
1.215081585081585036e+00 1.585402644596509845e+03 5.000246885200779161e+02
1.217575757575757534e+00 1.589684960521830817e+03 5.015877846185222211e+02
1.220069930069930031e+00 1.593970479660887804e+03 5.031521014830015588e+02
1.222564102564102528e+00 1.598259197960931942e+03 5.047176390568301372e+02
1.225058275058275026e+00 1.602551111385606646e+03 5.062843972572475764e+02
1.227552447552447523e+00 1.606846215914795494e+03 5.078523759756123468e+02
1.230046620046620021e+00 1.611144507544474664e+03 5.094215750775637161e+02
1.232540792540792518e+00 1.615445982286556045e+03 5.109919944033422325e+02
1.235034965034965015e+00 1.619750636168746496e+03 5.125636337678148493e+02
1.237529137529137513e+00 1.624058465234396408e+03 5.141364929607981367e+02
1.240023310023310010e+00 1.628369465542356693e+03 5.157105717472417155e+02
1.242517482517482508e+00 1.632683633166834397e+03 5.172858698674419884e+02
1.245011655011655005e+00 1.637000964197252870e+03 5.188623870372557576e+02
1.247505827505827503e+00 1.641321454738110333e+03 5.204401229483260067e+02
1.250000000000000000e+00 1.645645100908840050e+03 5.220190772683005207e+02
