# n_fm^-3 epsilon_MeVfm^-3 P_MeVfm^-3 Yp
1.587176238748534002e-03 1.492072780164468870e+00 8.680667395284996559e-04 7.298692607547998200e-05
1.647432302523166780e-03 1.548752107142123302e+00 9.132420855958169829e-04 7.625988252441779172e-05
1.709975946676698050e-03 1.607584981003300939e+00 9.605421206570129112e-04 7.967549763837823056e-05
1.774894017638545957e-03 1.668653241869918036e+00 1.010047688050417234e-03 8.324043123111649880e-05
1.842276658903622098e-03 1.732041839964143515e+00 1.061841010641335469e-03 8.696167636017057144e-05
1.912217436203150116e-03 1.797838953730403810e+00 1.116005539138987569e-03 9.084657752957647997e-05
1.984813467427554764e-03 1.866136112436420191e+00 1.172625777328047906e-03 9.490285000171807986e-05
2.060165557481753989e-03 1.937028323421019937e+00 1.231787083810506524e-03 9.913860029371414947e-05
2.138378338260152334e-03 2.010614204165099839e+00 1.293575447612143464e-03 1.035623479379989644e-04
2.219560413935688873e-03 2.086996119367428904e+00 1.358077236200801174e-03 1.081830485945297173e-04
2.303824511764681303e-03 2.166280323214525794e+00 1.425378913713467883e-03 1.130101186067841609e-04
2.391287638616880051e-03 2.248577107040058642e+00 1.495566728081346121e-03 1.180534611023126258e-04
2.482071243448062681e-03 2.334000952577945043e+00 1.568726364331305898e-03 1.233234937451999427e-04
2.576301385940816657e-03 2.422670691019458200e+00 1.644942562937080780e-03 1.288311782562790006e-04
2.674108911547631341e-03 2.514709668093817463e+00 1.724298700840217000e-03 1.345880518262968818e-04
2.775629633179387337e-03 2.610245915399243888e+00 1.806876333590259377e-03 1.406062605558740925e-04
2.881004519791532242e-03 2.709412328220397015e+00 1.892754696838555139e-03 1.468985950677844786e-04
2.990379892129794558e-03 2.812346850076732796e+00 1.982010165732111823e-03 1.534785284470523625e-04
3.103907625907256513e-03 2.919192664255889191e+00 2.074715670744055763e-03 1.603602566772907665e-04
3.221745362694890431e-03 3.030098392595264034e+00 2.170940069148132642e-03 1.675587417552142685e-04
3.344056728818439825e-03 3.145218301785877468e+00 2.270747470850225172e-03 1.750897576780513661e-04
3.471011562565543603e-03 3.264712517481541898e+00 2.374196519011518517e-03 1.829699395160019730e-04
3.602786150018634850e-03 3.388747246508659661e+00 2.481339624935476572e-03 1.912168357967577244e-04
3.739563469841074902e-03 3.517495007481961089e+00 2.592222158555329819e-03 1.998489644487565632e-04
3.881533447356427021e-03 3.651134870144154831e+00 2.706881595495296694e-03 2.088858725677866508e-04
4.028893218273676448e-03 3.789852703758348706e+00 2.825346623899617146e-03 2.183482002942533685e-04
4.181847402424576990e-03 3.933841434896500289e+00 2.947636213410683229e-03 2.282577491101529712e-04
4.340608387893316565e-03 4.083301314977896723e+00 3.073758652466659479e-03 2.386375548906863634e-04
4.505396625932862886e-03 4.238440197928182052e+00 3.203710558469174789e-03 2.495119660707459733e-04
4.676440937077717963e-03 4.399473828341236903e+00 3.337475869880209868e-03 2.609067273170540620e-04
4.853978828877963773e-03 4.566626140542349610e+00 3.475024829823220290e-03 2.728490691273195126e-04
5.038256825695888036e-03 4.740129568966935381e+00 3.616312972825762220e-03 2.853678038112497325e-04
5.229530811023119785e-03 4.920225370283914046e+00 3.761280130480830659e-03 2.984934283458212591e-04
5.428066382793566430e-03 5.107163957711552627e+00 3.909849472986838895e-03 3.122582346360646376e-04
5.634139222185649901e-03 5.301205247990108838e+00 4.061926608456347364e-03 3.266964277551128695e-04
5.848035476425734493e-03 5.502619021493550200e+00 4.217398766204666360e-03 3.418442527841925060e-04
6.070052156124562323e-03 5.711685295984694655e+00 4.376134092710973721e-03 3.577401309212972953e-04
6.300497547698204887e-03 5.928694714535188481e+00 4.537981097117731351e-03 3.744248055891171616e-04
6.539691641446334670e-03 6.153948948154948084e+00 4.702768287489005224e-03 3.919414992799471727e-04
6.787966575882186000e-03 6.387761113697794535e+00 4.870304046357592023e-03 4.103360820838744972e-04
7.045667098931172531e-03 6.630456207633358190e+00 5.040376801897382755e-03 4.296572526745538159e-04
7.313151046638697618e-03 6.882371556299710313e+00 5.212755560690849124e-03 4.499567328232137865e-04
7.590789840051600026e-03 7.143857283277946557e+00 5.387190876905539536e-03 4.712894764666278238e-04
7.878969000963586405e-03 7.415276794556606710e+00 5.563416345660554714e-03 4.937138944656054322e-04
8.178088687240363600e-03 7.697007282183159660e+00 5.741150720118238897e-03 5.172920962759383189e-04
8.488564248468211809e-03 7.989440247130185746e+00 5.920100767194144339e-03 5.420901498456024608e-04
8.810826802697267063e-03 8.292982042136273435e+00 6.099964992819995740e-03 5.681783611475481940e-04
9.145323835080501618e-03 8.608054435315564135e+00 6.280438386418489387e-03 5.956315748596359167e-04
9.492519819239639278e-03 8.935095195366191234e+00 6.461218355152326294e-03 6.245294978106500933e-04
9.852896862220733923e-03 9.274558699247027249e+00 6.642012040653747819e-03 6.549570469233221724e-04
1.022695537393521724e-02 9.626916563230908608e+00 6.822545239548117625e-03 6.870047235010281420e-04
1.061521476201555785e-02 9.992658298289002872e+00 7.002573174232373972e-03 7.207690158246860814e-04
1.101821415305090368e-02 1.037229199080393371e+01 7.181893397102010086e-03 7.563528321498185197e-04
1.143651314120377842e-02 1.076634500966088304e+01 7.360361144114279698e-03 7.938659663156725967e-04
1.187069256524755576e-02 1.117536474081789422e+01 7.537907494842682396e-03 8.334255983033241446e-04
1.232135531510361766e-02 1.159991935051202283e+01 7.714560741174138203e-03 8.751568321985823788e-04
1.278912716899817566e-02 1.204059857831845370e+01 7.890471415409803374e-03 9.191932741318453769e-04
1.327465766240114309e-02 1.249801456134555977e+01 8.065941481314613248e-03 9.656776528710320478e-04
1.377862098995370418e-02 1.297280269091455551e+01 8.241458254654509402e-03 1.014762485837648106e-03
1.430171694163691505e-02 1.346562250314982379e+01 8.417733681486636380e-03 1.066610793385907273e-03
1.484467187448136605e-02 1.397715860498220586e+01 8.595749677715003659e-03 1.121396864232926524e-03
1.540823972116708157e-02 1.450812163715658265e+01 8.776810307694459662e-03 1.179307074938204828e-03
1.599320303691426429e-02 1.505924927592089979e+01 8.962601670140183524e-03 1.240540766295019021e-03
1.660037408611848495e-02 1.563130727517899921e+01 9.155260445642353015e-03 1.305311179407251613e-03
1.723059597023931730e-02 1.622509055098960573e+01 9.357452164433449973e-03 1.373846454052641587e-03
1.788474379850842413e-02 1.684142431041021837e+01 9.572460357313824011e-03 1.446390691689085437e-03
1.856372590308277837e-02 1.748116522680682650e+01 9.804287865906568741e-03 1.523205085069294189e-03
1.926848510033042639e-02 1.814520266388084835e+01 1.005777170920325869e-02 1.604569115937365962e-03
2.000000000000000042e-02 1.883445995080524327e+01 1.033871302984512748e-02 1.690781821584782770e-03
2.066666666666666652e-02 1.946262439003623967e+01 1.061411170690413144e-02 1.770912818244772423e-03
2.133333333333333262e-02 2.009079805379438355e+01 1.091130803151896603e-02 1.852531984202168908e-03
2.199999999999999872e-02 2.071898138520321098e+01 1.123354205477796429e-02 1.935638698975022552e-03
2.266666666666666829e-02 2.134717489885646913e+01 1.158406033346896964e-02 2.020232099179594936e-03
2.333333333333333440e-02 2.197537917463545654e+01 1.196611160644704339e-02 2.106311054180914997e-03
2.400000000000000050e-02 2.260359485211594333e+01 1.238294283696704176e-02 2.193874143990714922e-03
2.466666666666666660e-02 2.323182262549009280e+01 1.283779557783374693e-02 2.282919639144112209e-03
2.533333333333333270e-02 2.386006323894454795e+01 1.333390261825652921e-02 2.373445482327377759e-03
2.600000000000000228e-02 2.448831748243973649e+01 1.387448488125165615e-02 2.465449271568857879e-03
2.666666666666666491e-02 2.511658618784576547e+01 1.446274854278573399e-02 2.558928244829923506e-03
2.733333333333333448e-02 2.574487022539522840e+01 1.510188234839392706e-02 2.653879265861917598e-03
2.800000000000000058e-02 2.637317050041930244e+01 1.579505510610597005e-02 2.750298811210554872e-03
2.866666666666666669e-02 2.700148795033646110e+01 1.654541333823855709e-02 2.848182958270823687e-03
2.933333333333333279e-02 2.762982354186923217e+01 1.735607907510617470e-02 2.947527374306565043e-03
2.999999999999999889e-02 2.825817826846450487e+01 1.823014777826762606e-02 3.048327306362493081e-03
3.066666666666666846e-02 2.888655314789921746e+01 1.917068638005544473e-02 3.150577572006766063e-03
3.133333333333333109e-02 2.951494922005255361e+01 2.018073142939938100e-02 3.254272550848163852e-03
3.200000000000000067e-02 3.014336754482874881e+01 2.126328733580494512e-02 3.359406176785256683e-03
3.266666666666666330e-02 3.077180920021866939e+01 2.242132470045275772e-02 3.465971930942246884e-03
3.333333333333333287e-02 3.140027528048565486e+01 2.365777873056262859e-02 3.573962835261911258e-03
3.400000000000000244e-02 3.202876689446517844e+01 2.497554772931703110e-02 3.683371446720066274e-03
3.466666666666666508e-02 3.265728516397019376e+01 2.637749165465534326e-02 3.794189852140178194e-03
3.533333333333333465e-02 3.328583122229090208e+01 2.786643074433545544e-02 3.906409663617455702e-03
3.600000000000000422e-02 3.391440621278312051e+01 2.944514420082297926e-02 4.020022014305222637e-03
3.666666666666666685e-02 3.454301128753722594e+01 3.111636893347110439e-02 4.135017555138628155e-03
3.733333333333332948e-02 3.517164760612129015e+01 3.288279835390409134e-02 4.251386451659833893e-03
3.799999999999999906e-02 3.580031633439345740e+01 3.474708123469370108e-02 4.369118381537951366e-03
3.866666666666666863e-02 3.642901864337736129e+01 3.671182055521905047e-02 4.488202532673605909e-03
3.933333333333333126e-02 3.705775570819680098e+01 3.877957250580323784e-02 4.608627601535938804e-03
4.000000000000000083e-02 3.768652870706451807e+01 4.095284542877339340e-02 4.730381792202326824e-03
4.066666666666667040e-02 3.831533882032264415e+01 4.323409885009323744e-02 4.853452815752110246e-03
4.133333333333333304e-02 3.894418722952911338e+01 4.562574254205828406e-02 4.977827890136985595e-03
4.199999999999999567e-02 3.957307511658987664e+01 4.813013562229260384e-02 5.103493740494333998e-03
4.266666666666666524e-02 4.020200366293023819e+01 5.074958569113247053e-02 5.230436599902297742e-03
4.333333333333333481e-02 4.083097404870676428e+01 5.348634800220363611e-02 5.358642210562813979e-03
4.399999999999999745e-02 4.145998745205339020e+01 5.634262466919614382e-02 5.488095825411164023e-03
4.466666666666666702e-02 4.208904504836318239e+01 5.932056390397262569e-02 5.618782210142992534e-03
4.533333333333333659e-02 4.271814800960038383e+01 6.242225928858376183e-02 5.750685645651842058e-03
4.599999999999999922e-02 4.334729750364324730e+01 6.564974907778013680e-02 5.883789930872096799e-03
4.666666666666666186e-02 4.397649469365487818e+01 6.900501553298392377e-02 6.018078386020498174e-03
4.733333333333333143e-02 4.460574073748085766e+01 7.248998428612025979e-02 6.153533856229542222e-03
4.800000000000000100e-02 4.523503678707214704e+01 7.610652373265440473e-02 6.290138715566512100e-03
4.866666666666666363e-02 4.586438398793116278e+01 7.985644445522260826e-02 6.427874871431787929e-03
4.933333333333333320e-02 4.649378347858125693e+01 8.374149867449261209e-02 6.566723769330373717e-03
5.000000000000000278e-02 4.712323639005747822e+01 8.776337972848059776e-02 6.706666398008126473e-03
5.066666666666666541e-02 4.775274384541758366e+01 9.192372158036836438e-02 6.847683294947474672e-03
5.133333333333332804e-02 4.838230695927245506e+01 9.622409835330021644e-02 6.989754552215916156e-03
5.200000000000000455e-02 4.901192683733520283e+01 1.006660238925611434e-01 7.132859822657483875e-03
5.266666666666666718e-02 4.964160457598777754e+01 1.052509513544632319e-01 7.276978326423095937e-03
5.333333333333332982e-02 5.027134126186491869e+01 1.099802728218776532e-01 7.422088857828634811e-03
5.399999999999999245e-02 5.090113797145369290e+01 1.148553189462667157e-01 7.568169792536552469e-03
5.466666666666666896e-02 5.153099577070880599e+01 1.198773586157511062e-01 7.715199095049880135e-03
5.533333333333333159e-02 5.216091571468308530e+01 1.250475986486498381e-01 7.863154326511911929e-03
5.599999999999999423e-02 5.279089884717141246e+01 1.303671835136910317e-01 8.012012652802184484e-03
5.666666666666667074e-02 5.342094620036954211e+01 1.358371950741030787e-01 8.161750852922582122e-03
5.733333333333333337e-02 5.405105879454521300e+01 1.414586523584519528e-01 8.312345327658980307e-03
5.799999999999999600e-02 5.468123763772249646e+01 1.472325113555207621e-01 8.463772108517033516e-03
5.866666666666667251e-02 5.531148372537843727e+01 1.531596648340647349e-01 8.616006866915174034e-03
5.933333333333333515e-02 5.594179804015068669e+01 1.592409421885579990e-01 8.769024923631862228e-03
5.999999999999999778e-02 5.657218155155870676e+01 1.654771093065850740e-01 8.922801258491338747e-03
6.066666666666666041e-02 5.720263521573399856e+01 1.718688684633233321e-01 9.077310520284443893e-03
6.133333333333333692e-02 5.783315997516168494e+01 1.784168582385424195e-01 9.232527036907800522e-03
6.199999999999999956e-02 5.846375675843352582e+01 1.851216534576416439e-01 9.388424825717693253e-03
6.266666666666666219e-02 5.909442648000979403e+01 1.919837651564830772e-01 9.544977604082153719e-03
6.333333333333333870e-02 5.972517003999176666e+01 1.990036405697588329e-01 9.702158800126967075e-03
6.400000000000000133e-02 6.035598832390349600e+01 2.061816631420730073e-01 9.859941563659409616e-03
6.466666666666666397e-02 6.098688220248330794e+01 2.135181525625697851e-01 1.001829877726358176e-02
6.533333333333332660e-02 6.161785253148364205e+01 2.210133648222948888e-01 1.017720306755399463e-02
6.600000000000000311e-02 6.224890015148051958e+01 2.286674922936012821e-01 1.033662681657716333e-02
6.666666666666666574e-02 6.288002588769113999e+01 2.364806638328355026e-01 1.049654217335229886e-02
6.733333333333332837e-02 6.351123054980031668e+01 2.444529449039632707e-01 1.065692106553639724e-02
6.800000000000000488e-02 6.414251493179430952e+01 2.525843377256369870e-01 1.081773521120754124e-02
6.866666666666666752e-02 6.477387981180410748e+01 2.608747814378973851e-01 1.097895613075181714e-02
6.933333333333333015e-02 6.540532595195487886e+01 2.693241522925007292e-01 1.114055515884395525e-02
6.999999999999999278e-02 6.603685409822467989e+01 2.779322638625850161e-01 1.130250345651327704e-02
7.066666666666666929e-02 6.666846498030949419e+01 2.866988672744530398e-01 1.146477202328058907e-02
7.133333333333333193e-02 6.730015931149627306e+01 2.956236514592125442e-01 1.162733170935698231e-02
7.199999999999999456e-02 6.793193778854265474e+01 3.047062434259683039e-01 1.179015322789477710e-02
7.266666666666667107e-02 6.856380109156467029e+01 3.139462085535173475e-01 1.195320716727808069e-02
7.333333333333333370e-02 6.919574988393027581e+01 3.233430509034742051e-01 1.211646400344446040e-02
7.399999999999999634e-02 6.982778481216035971e+01 3.328962135523625410e-01 1.227989411222510027e-02
7.466666666666665897e-02 7.045990650583632942e+01 3.426050789427980692e-01 1.244346778169584840e-02
7.533333333333333548e-02 7.109211557751375210e+01 3.524689692547254838e-01 1.260715522452669594e-02
7.599999999999999811e-02 7.172441262264310069e+01 3.624871467946252923e-01 1.277092659032078720e-02
7.666666666666666075e-02 7.235679821949645429e+01 3.726588144029470140e-01 1.293475197793349414e-02
7.733333333333333726e-02 7.298927292910003928e+01 3.829831158818452486e-01 1.309860144776078990e-02
7.799999999999999989e-02 7.362183729517347786e+01 3.934591364383158152e-01 1.326244503398835324e-02
7.866666666666666252e-02 7.425449184407457892e+01 4.040859031468893026e-01 1.342625275679311392e-02
7.933333333333332515e-02 7.488723708475025376e+01 4.148623854289266166e-01 1.358999463448324480e-02
8.000000000000000167e-02 7.552007350869278923e+01 4.257874955497575886e-01 1.375364069557590344e-02
8.066666666666666430e-02 7.615300158990223167e+01 4.368600891320670865e-01 1.391716099079728410e-02
8.133333333333332693e-02 7.678602178485384400e+01 4.480789656865815651e-01 1.408052560499694489e-02
8.200000000000000344e-02 7.741913453247181565e+01 4.594428691585853430e-01 1.424370466897427988e-02
8.266666666666666607e-02 7.805234025410756260e+01 4.709504884904957001e-01 1.440666837120089909e-02
8.333333333333332871e-02 7.868563935352331384e+01 4.826004582015846478e-01 1.456938696943750611e-02
8.400000000000000522e-02 7.931903221688200745e+01 4.943913589808765496e-01 1.473183080223424563e-02
8.466666666666666785e-02 7.995251921274063989e+01 5.063217182979860009e-01 1.489397030030897157e-02
8.533333333333333048e-02 8.058610069205025184e+01 5.183900110267873895e-01 1.505577599779585676e-02
8.600000000000000699e-02 8.121977698815960878e+01 5.305946600855293571e-01 1.521721854335716072e-02
8.666666666666666963e-02 8.185354841682470806e+01 5.429340370901786228e-01 1.537826871115288707e-02
8.733333333333333226e-02 8.248741527622256342e+01 5.554064630230632904e-01 1.553889741166082812e-02
8.799999999999999489e-02 8.312137784696950860e+01 5.680102089151531919e-01 1.569907570234154934e-02
8.866666666666667140e-02 8.375543639214518521e+01 5.807434965415456674e-01 1.585877479814378280e-02
8.933333333333333404e-02 8.438959115731999816e+01 5.936044991312475760e-01 1.601796608184101120e-02
8.999999999999999667e-02 8.502384237058730321e+01 6.065913420903199516e-01 1.617662111420060944e-02
9.066666666666667318e-02 8.565819024260072467e+01 6.197021037372261176e-01 1.633471164397285597e-02
9.133333333333333581e-02 8.629263496661512534e+01 6.329348160515465560e-01 1.649220961770229282e-02
9.199999999999999845e-02 8.692717671853213801e+01 6.462874654354530124e-01 1.664908718935184315e-02
9.266666666666667496e-02 8.756181565694990354e+01 6.597579934871644625e-01 1.680531672973006874e-02
9.333333333333333759e-02 8.819655192321702941e+01 6.733442977863910439e-01 1.696087083576022780e-02
9.400000000000000022e-02 8.883138564149084004e+01 6.870442326921215592e-01 1.711572233949839109e-02
9.466666666666666285e-02 8.946631691879899506e+01 7.008556101521077331e-01 1.726984431698822681e-02
9.533333333333333937e-02 9.010134584510609557e+01 7.147762005230280380e-01 1.742321009690415631e-02
9.600000000000000200e-02 9.073647249338351628e+01 7.288037334028694136e-01 1.757579326898736985e-02
9.666666666666666463e-02 9.137169691968321672e+01 7.429358984740004335e-01 1.772756769227438328e-02
9.733333333333334114e-02 9.200701916321548879e+01 7.571703463564894987e-01 1.787850750321423252e-02
9.800000000000000377e-02 9.264243924643061234e+01 7.715046894739697736e-01 1.802858712306941794e-02
9.866666666666666641e-02 9.327795717510348084e+01 7.859365029272472603e-01 1.817778126611102607e-02
9.933333333333332904e-02 9.391357293842339971e+01 8.004633253794568581e-01 1.832606494658269372e-02
1.000000000000000056e-01 9.454928650908536270e+01 8.150826599526201921e-01 1.847341348596199390e-02
1.006666666666666682e-01 9.518509784338652935e+01 8.297919751320855797e-01 1.861980251989357391e-02
1.013333333333333308e-01 9.582100688132591415e+01 8.445887056812890759e-01 1.876520800490411728e-02
1.020000000000000073e-01 9.645701354670684680e+01 8.594702535663669707e-01 1.890960622489563231e-02
1.026666666666666700e-01 9.709311774724322675e+01 8.744339888899492763e-01 1.905297379741930849e-02
1.033333333333333326e-01 9.772931937466928787e+01 8.894772508340985651e-01 1.919528767972292563e-02
1.039999999999999952e-01 9.836561830485204894e+01 9.045973486124372354e-01 1.933652517458022899e-02
1.046666666666666717e-01 9.900201439790841107e+01 9.197915624295521786e-01 1.947666393589630660e-02
1.053333333333333344e-01 9.963850749832300835e+01 9.350571444525467291e-01 1.961568197408957923e-02
1.059999999999999970e-01 1.002750974350719417e+02 9.503913197867164264e-01 1.975355766125290458e-02
1.066666666666666735e-01 1.009117840217474509e+02 9.657912874630707467e-01 1.989026973609380605e-02
1.073333333333333361e-01 1.015485670566867498e+02 9.812542214323047851e-01 2.002579730865208102e-02
1.079999999999999988e-01 1.021854463231039034e+02 9.967772715664515726e-01 2.016011986479827531e-02
1.086666666666666614e-01 1.028224215892237936e+02 1.012357564669831289e+00 2.029321727051301358e-02
1.093333333333333379e-01 1.034594926084202626e+02 1.027992205495926070e+00 2.042506977594777881e-02
1.100000000000000006e-01 1.040966591193556354e+02 1.043678277773346652e+00 2.055565801926871258e-02
1.106666666666666632e-01 1.047339208461247182e+02 1.059412845237758916e+00 2.068496303028481004e-02
1.113333333333333397e-01 1.053712774984002749e+02 1.075192952671608193e+00 2.081296623386176201e-02
1.120000000000000023e-01 1.060087287715815876e+02 1.091015626951523876e+00 2.093964945312289452e-02
1.126666666666666650e-01 1.066462743469464982e+02 1.106877878100408052e+00 2.106499491243916250e-02
1.133333333333333276e-01 1.072839138918050708e+02 1.122776700348875334e+00 2.118898524021126800e-02
1.140000000000000041e-01 1.079216470596561805e+02 1.138709073201267907e+00 2.131160347144072861e-02
1.146666666666666667e-01 1.085594734903471164e+02 1.154671962508729166e+00 2.143283305009925296e-02
1.153333333333333294e-01 1.091973928102354421e+02 1.170662321548350704e+00 2.155265783129260704e-02
1.160000000000000059e-01 1.098354046323533453e+02 1.186677092108109566e+00 2.167106208322387359e-02
1.166666666666666685e-01 1.104735085565741173e+02 1.202713205578319844e+00 2.178803048895682978e-02
1.173333333333333311e-01 1.111117041697820440e+02 1.218767584047315999e+00 2.190354814798322128e-02
1.179999999999999938e-01 1.117499910460436752e+02 1.234837141404424798e+00 2.201760057759617750e-02
1.186666666666666703e-01 1.123883687467820351e+02 1.250918784446479970e+00 2.213017371406892850e-02
1.193333333333333329e-01 1.130268368209528234e+02 1.267009413990966671e+00 2.224125391364118950e-02
1.199999999999999956e-01 1.136653948052234142e+02 1.283105925992273244e+00 2.235082795334619385e-02
1.206666666666666721e-01 1.143040422241533633e+02 1.299205212689094946e+00 2.245888303155925761e-02
1.213333333333333347e-01 1.149427785903778414e+02 1.315304163639716917e+00 2.256540676854240646e-02
1.219999999999999973e-01 1.155816034047927587e+02 1.331399666980667362e+00 2.267038720662174767e-02
1.226666666666666738e-01 1.162205161567421641e+02 1.347488610481830662e+00 2.277381281029665014e-02
1.233333333333333365e-01 1.168595163242080588e+02 1.363567882703776046e+00 2.287567246614332847e-02
1.239999999999999991e-01 1.174986033740016182e+02 1.379634374141342379e+00 2.297595548255161255e-02
1.246666666666666617e-01 1.181377767619571699e+02 1.395684978369330809e+00 2.307465158929367446e-02
1.253333333333333244e-01 1.187770359331278627e+02 1.411716593191656210e+00 2.317175093692653079e-02
1.260000000000000009e-01 1.194163803219828992e+02 1.427726121795264369e+00 2.326724409603337512e-02
1.266666666666666496e-01 1.200558093526073833e+02 1.443710473904453284e+00 2.336112205630343219e-02
1.273333333333333262e-01 1.206953224389034034e+02 1.459666566939760823e+00 2.345337622545662359e-02
1.280000000000000027e-01 1.213349189847940721e+02 1.475591327177982359e+00 2.354399842801357251e-02
1.286666666666666514e-01 1.219745983844274093e+02 1.491481690915661185e+00 2.363298090391672407e-02
1.293333333333333279e-01 1.226143600223845027e+02 1.507334605632657976e+00 2.372031630699883431e-02
1.300000000000000044e-01 1.232542032738871711e+02 1.523147031160144715e+00 2.380599770331210535e-02
1.306666666666666532e-01 1.238941275050083988e+02 1.538915940847210617e+00 2.389001856931156215e-02
1.313333333333333297e-01 1.245341320728848586e+02 1.554638322730412359e+00 2.397237278990108772e-02
1.320000000000000062e-01 1.251742163259298906e+02 1.570311180703894083e+00 2.405305465634212728e-02
1.326666666666666550e-01 1.258143796040492504e+02 1.585931535689481642e+00 2.413205886403039374e-02
1.333333333333333315e-01 1.264546212388574986e+02 1.601496426808577622e+00 2.420938051014114717e-02
1.339999999999999802e-01 1.270949405538963646e+02 1.617002912553187732e+00 2.428501509114938325e-02
1.346666666666666567e-01 1.277353368648545597e+02 1.632448071956453139e+00 2.435895850022204434e-02
1.353333333333333333e-01 1.283758094797890976e+02 1.647829005764635868e+00 2.443120702449330661e-02
1.359999999999999820e-01 1.290163576993477648e+02 1.663142837605733337e+00 2.450175734221891888e-02
1.366666666666666585e-01 1.296569808169933538e+02 1.678386715159158049e+00 2.457060651981398183e-02
1.373333333333333350e-01 1.302976781192283511e+02 1.693557811324269302e+00 2.463775200878242158e-02
1.379999999999999838e-01 1.309384488858223392e+02 1.708653325385436572e+00 2.470319164253144753e-02
1.386666666666666603e-01 1.315792923900395692e+02 1.723670484177026951e+00 2.476692363308473366e-02
1.393333333333333368e-01 1.322202078988677840e+02 1.738606543245243774e+00 2.482894656768727323e-02
1.399999999999999856e-01 1.328611946732488320e+02 1.753458788008509961e+00 2.488925940531243677e-02
1.406666666666666621e-01 1.335022519683095652e+02 1.768224534913996671e+00 2.494786147306958524e-02
1.413333333333333386e-01 1.341433790335950391e+02 1.782901132591327098e+00 2.500475246251681813e-02
1.419999999999999873e-01 1.347845751133011731e+02 1.797485963003262022e+00 2.505993242588172229e-02
1.426666666666666639e-01 1.354258394465099684e+02 1.811976442592804215e+00 2.511340177219195668e-02
1.433333333333333126e-01 1.360671712674244986e+02 1.826370023425218925e+00 2.516516126332071085e-02
1.439999999999999891e-01 1.367085698056060039e+02 1.840664194326512071e+00 2.521521200994598227e-02
1.446666666666666656e-01 1.373500342862099615e+02 1.854856482017697816e+00 2.526355546743125347e-02
1.453333333333333144e-01 1.379915639302255954e+02 1.868944452242287113e+00 2.531019343162602478e-02
1.459999999999999909e-01 1.386331579547139086e+02 1.882925710890498650e+00 2.535512803459322173e-02
1.466666666666666397e-01 1.392748155730477606e+02 1.896797905116162530e+00 2.539836174026039936e-02
1.473333333333333162e-01 1.399165359951519179e+02 1.910558724448765844e+00 2.543989734000356648e-02
1.479999999999999927e-01 1.405583184277446094e+02 1.924205901898035975e+00 2.547973794816364365e-02
1.486666666666666414e-01 1.412001620745784010e+02 1.937737215053038309e+00 2.551788699749699824e-02
1.493333333333333179e-01 1.418420661366833144e+02 1.951150487173084924e+00 2.555434823456469162e-02
1.499999999999999944e-01 1.424840298126094922e+02 1.964443588271787888e+00 2.558912571506297487e-02
1.506666666666666432e-01 1.431260522986692934e+02 1.977614436194316649e+00 2.562222379909600417e-02
1.513333333333333197e-01 1.437681327891827721e+02 1.990660997684502664e+00 2.565364714639560562e-02
1.519999999999999962e-01 1.444102704767204557e+02 2.003581289445593328e+00 2.568340071148903989e-02
1.526666666666666450e-01 1.450524645523483116e+02 2.016373379191616966e+00 2.571148973881843755e-02
1.533333333333333215e-01 1.456947142058724580e+02 2.029035386688956333e+00 2.573791975781266131e-02
1.539999999999999980e-01 1.463370186260839603e+02 2.041565484790039520e+00 2.576269657791826692e-02
1.546666666666666468e-01 1.469793770010041953e+02 2.053961900456078293e+00 2.578582628358586440e-02
1.553333333333333233e-01 1.476217885181303302e+02 2.066222915770053348e+00 2.580731522922005347e-02
1.559999999999999720e-01 1.482642523646806865e+02 2.078346868940075698e+00 2.582717003409310680e-02
1.566666666666666485e-01 1.489067677278402186e+02 2.090332155291046323e+00 2.584539757722354933e-02
1.573333333333333250e-01 1.495493337950060777e+02 2.102177228246493002e+00 2.586200499222558735e-02
1.579999999999999738e-01 1.501919497540332884e+02 2.113880600297782131e+00 2.587699966212732641e-02
1.586666666666666503e-01 1.508346147934801706e+02 2.125440843962941528e+00 2.589038921416424860e-02
1.593333333333333268e-01 1.514773281028536758e+02 2.136856592732641502e+00 2.590218151455030149e-02
1.599999999999999756e-01 1.521200888728542395e+02 2.148126542005082573e+00 2.591238466322190806e-02
1.606666666666666521e-01 1.527628962956216014e+02 2.159249450006777593e+00 2.592100698856941027e-02
1.613333333333333286e-01 1.534057495649782084e+02 2.170224138702572692e+00 2.592805704214650245e-02
1.619999999999999774e-01 1.540486478766748064e+02 2.181049494690358692e+00 2.593354359336851392e-02
1.626666666666666539e-01 1.546915904286339298e+02 2.191724470084418286e+00 2.593747562419487784e-02
1.633333333333333304e-01 1.553345764211929634e+02 2.202248083384702682e+00 2.593986232380620163e-02
1.639999999999999791e-01 1.559776050573481427e+02 2.212619420330546482e+00 2.594071308326853162e-02
1.646666666666666556e-01 1.566206755429971622e+02 2.222837634742423241e+00 2.594003749019621607e-02
1.653333333333333321e-01 1.572637870871803045e+02 2.232901949349129556e+00 2.593784532340823179e-02
1.659999999999999809e-01 1.579069389023228211e+02 2.242811656598558301e+00 2.593414654758619334e-02
1.666666666666666574e-01 1.585501302044754084e+02 2.252566119455521765e+00 2.592895130793128680e-02
1.673333333333333062e-01 1.591933602135545698e+02 2.262164772183425043e+00 2.592226992482410050e-02
1.679999999999999827e-01 1.598366281535816995e+02 2.271607121111491878e+00 2.591411288849249442e-02
1.686666666666666592e-01 1.604799332529215405e+02 2.280892745386070342e+00 2.590449085368312296e-02
1.693333333333333079e-01 1.611232747445206996e+02 2.290021297705506331e+00 2.589341463434481627e-02
1.699999999999999845e-01 1.617666518661440875e+02 2.298992505040785783e+00 2.588089519832365362e-02
1.706666666666666610e-01 1.624100638606101086e+02 2.307806169339692737e+00 2.586694366206803569e-02
1.713333333333333097e-01 1.630535099760272999e+02 2.316462168212713113e+00 2.585157128535451806e-02
1.719999999999999862e-01 1.636969894660270199e+02 2.324960455606436494e+00 2.583478946602596818e-02
1.726666666666666627e-01 1.643405015899967054e+02 2.333301062456905939e+00 2.581660973475233614e-02
1.733333333333333115e-01 1.649840456133119346e+02 2.341484097328611291e+00 2.579704374981126036e-02
1.739999999999999880e-01 1.656276208075668421e+02 2.349509747035785523e+00 2.577610329189170685e-02
1.746666666666666645e-01 1.662712264508037094e+02 2.357378277247283993e+00 2.575380025892369182e-02
1.753333333333333133e-01 1.669148618277412481e+02 2.365090033074465747e+00 2.573014666093308492e-02
1.759999999999999898e-01 1.675585262300015188e+02 2.372645439642302456e+00 2.570515461492635031e-02
1.766666666666666385e-01 1.682022189563360257e+02 2.380045002642483531e+00 2.567883633980538177e-02
1.773333333333333151e-01 1.688459393128489978e+02 2.387289308871828108e+00 2.565120415131289661e-02
1.779999999999999916e-01 1.694896866132216644e+02 2.394379026750687256e+00 2.562227045701449824e-02
1.786666666666666403e-01 1.701334601789331202e+02 2.401314906825660067e+00 2.559204775131312601e-02
1.793333333333333168e-01 1.707772593394801959e+02 2.408097782256312769e+00 2.556054861050191529e-02
1.799999999999999933e-01 1.714210834325963049e+02 2.414728569282586168e+00 2.552778568785692842e-02
1.824941724941724908e-01 1.738300060835079250e+02 2.438205114030100873e+00 2.539421921749078839e-02
1.849883449883449882e-01 1.762392355704906208e+02 2.459630988537717222e+00 2.524381663776532891e-02
1.874825174825174856e-01 1.786487406208079562e+02 2.479085772153176048e+00 2.507726162031680833e-02
1.899766899766899830e-01 1.810584919648265441e+02 2.496666020097766392e+00 2.489524425467148569e-02
1.924708624708624527e-01 1.834684624813629057e+02 2.512485463144689568e+00 2.469845786923620043e-02
1.949650349650349501e-01 1.858786273378111389e+02 2.526675165566994341e+00 2.448759601015888104e-02
1.974592074592074475e-01 1.882889641248696933e+02 2.539383644186482769e+00 2.426334958836629668e-02
1.999533799533799450e-01 1.906994529857364000e+02 2.550776952009750076e+00 2.402640420359309498e-02
2.024475524475524424e-01 1.931100767397012135e+02 2.561038730581363332e+00 2.377743765269933057e-02
2.049417249417249398e-01 1.955208210001252382e+02 2.570370235832157402e+00 2.351711762806843811e-02
2.074358974358974372e-01 1.979316742868558379e+02 2.578990342851180451e+00 2.324609961038431524e-02
2.099300699300699347e-01 2.003426281331965129e+02 2.587135535636527539e+00 2.296502495860483495e-02
2.124242424242424043e-01 2.027536771876136754e+02 2.595059888520161007e+00 2.267451919863516796e-02
2.149184149184149017e-01 2.051648193104349787e+02 2.603035046576955391e+00 2.237519051062348066e-02
2.174125874125873992e-01 2.075760556658631515e+02 2.611350212949682614e+00 2.206762841386823368e-02
2.199067599067598966e-01 2.099873908097010542e+02 2.620312151636727815e+00 2.175240264680150526e-02
2.224009324009323940e-01 2.123988327732583059e+02 2.630245214904207707e+00 2.143006223908661134e-02
2.248951048951048914e-01 2.148103931439840721e+02 2.641491405122102343e+00 2.110113477061794848e-02
2.273892773892773889e-01 2.172220871434460605e+02 2.654410481444276382e+00 2.076612581347511352e-02
2.298834498834498863e-01 2.196339337033531365e+02 2.669380122431212587e+00 2.042551854972858572e-02
2.323776223776223837e-01 2.220459555403979266e+02 2.686796156415435455e+00 2.007977355997661237e-02
2.348717948717948811e-01 2.244581792307777732e+02 2.707072872130125596e+00 1.972932877512807714e-02
2.373659673659673786e-01 2.268706352853293140e+02 2.730643422934487141e+00 1.937459958490463791e-02
2.398601398601398760e-01 2.292833582263071150e+02 2.757960338805032663e+00 1.901597909603205960e-02
2.423543123543123456e-01 2.316963866669133836e+02 2.789496161205621050e+00 1.865383853331661901e-02
2.448484848484848431e-01 2.341097633947883025e+02 2.825744216946593834e+00 1.828852777711759137e-02
2.473426573426573405e-01 2.365235354607584952e+02 2.867219548244706928e+00 1.792037603110591126e-02
2.498368298368298379e-01 2.389377542742464016e+02 2.914460017376908407e+00 1.754969261485023885e-02
2.523310023310023631e-01 2.413524757068481961e+02 2.968027605586876394e+00 1.717676787655621901e-02
2.548251748251748050e-01 2.437677602056980675e+02 3.028509927243138833e+00 1.680187422223788571e-02
2.573193473193473024e-01 2.461836729183567911e+02 3.096521981621038755e+00 1.642526725874285387e-02
2.598135198135197999e-01 2.486002838310799632e+02 3.172708166063709090e+00 1.604718704937592097e-02
2.623076923076922973e-01 2.510176679224564111e+02 3.257744575571986712e+00 1.566785948237556583e-02
2.648018648018647947e-01 2.534359053345281438e+02 3.352341615002800701e+00 1.528749775421534875e-02
2.672960372960372921e-01 2.558550815636427558e+02 3.457246950842631783e+00 1.490630397161442008e-02
2.697902097902097895e-01 2.582752876734135157e+02 3.573248829751475952e+00 1.452447087827595656e-02
2.722843822843822870e-01 2.606966205322748351e+02 3.701179790463667629e+00 1.414218371470533746e-02
2.747785547785547844e-01 2.631191830782320267e+02 3.841920793704824533e+00 1.375962222200670035e-02
2.772727272727272818e-01 2.655430846134556759e+02 3.996405791022303866e+00 1.337696280327999726e-02
2.797668997668997792e-01 2.679684411314069621e+02 4.165626746984329110e+00 1.299438085908189051e-02
2.822610722610722767e-01 2.703953756791036653e+02 4.350639119080301320e+00 1.261205331632506144e-02
2.847552447552447741e-01 2.728240187569951445e+02 4.552567784399602857e+00 1.223016137276721968e-02
2.872494172494172715e-01 2.752545087585792203e+02 4.772613380006441197e+00 1.184889348170792972e-02
2.897435897435897134e-01 2.776869924513778756e+02 5.012058992466638330e+00 1.146844860327527610e-02
2.922377622377622108e-01 2.801216255000724686e+02 5.272277088249471610e+00 1.108903974922437370e-02
2.947319347319347083e-01 2.825585730313831618e+02 5.554736517054095657e+00 1.071089784670357058e-02
2.972261072261072057e-01 2.849980102385677014e+02 5.861009340056023476e+00 1.033427594186828342e-02
2.997202797202797031e-01 2.874401230210078211e+02 6.192777129655427260e+00 9.959453754980248513e-03
3.022144522144522005e-01 2.898851086511047583e+02 6.551836251205477524e+00 9.586742582649396271e-03
3.047086247086246980e-01 2.923331764563606043e+02 6.940101465597230401e+00 9.216490517409258593e-03
3.072027972027971954e-01 2.947845484988810654e+02 7.359606981448323815e+00 8.849087916482206370e-03
3.096969696969696928e-01 2.972394602273470809e+02 7.812503838018167279e+00 8.484972996281649540e-03
3.121911421911421902e-01 2.996981610675950947e+02 8.301052223769124438e+00 8.124637352918502239e-03
3.146853146853146876e-01 3.021609149072978653e+02 8.827607051760194778e+00 7.768631107475098933e-03
3.171794871794871851e-01 3.046280004180044330e+02 9.394594863128176598e+00 7.417567247066794017e-03
3.196736596736596825e-01 3.070997111446426970e+02 1.000447998048449882e+01 7.072124580787838774e-03
3.221678321678321799e-01 3.095763552796566387e+02 1.065971788412071497e+01 6.733048564525601770e-03
3.246620046620046773e-01 3.120582550283376690e+02 1.136269416704384305e+01 6.401149092968319750e-03
3.271561771561771748e-01 3.145457454665331056e+02 1.211564829140536048e+01 6.077294249995529064e-03
3.296503496503496722e-01 3.170391727957459693e+02 1.292058285546072405e+01 5.762399006994980630e-03
3.321445221445221696e-01 3.195388919180660992e+02 1.377916124730743519e+01 5.457408032579228775e-03
3.346386946386946670e-01 3.220452632884729951e+02 1.469259930733509556e+01 5.163272195053321585e-03
3.371328671328671645e-01 3.245586490569212970e+02 1.566155959347851478e+01 4.880919039087613411e-03
3.396270396270396619e-01 3.270794085856023230e+02 1.668605939940549376e+01 4.611218471237850218e-03
3.421212121212121593e-01 3.296078935106415315e+02 1.776540495560029953e+01 4.354945965387396582e-03
3.446153846153846567e-01 3.321444425991466574e+02 1.889816340141512185e+01 4.112746563120734528e-03
3.471095571095571541e-01 3.346893767146934806e+02 2.008218068320987015e+01 3.885103499071833333e-03
3.496037296037296516e-01 3.372429942299111758e+02 2.131464776572356357e+01 3.672315170083028171e-03
3.520979020979020935e-01 3.398055672027304581e+02 2.259221054409830387e+01 3.474483287276091802e-03
3.545920745920745909e-01 3.423773385628002188e+02 2.391111230365817519e+01 3.291513542768296271e-03
3.570862470862470883e-01 3.449585204486444354e+02 2.526735317746188159e+01 3.123128331533548199e-03
3.595804195804195857e-01 3.475492937153836124e+02 2.665684982834133265e+01 2.968889444858683908e-03
3.620745920745920832e-01 3.501498085207967392e+02 2.807558054009624726e+01 2.828227562314446740e-03
3.645687645687645806e-01 3.527601858128676895e+02 2.951970513904261750e+01 2.700474986799811152e-03
3.670629370629370780e-01 3.553805194942893309e+02 3.098565431396462344e+01 2.584898342921229577e-03
3.695571095571095754e-01 3.580108790283507005e+02 3.247018768543029665e+01 2.480728681498619442e-03
3.720512820512820729e-01 3.606513122686805559e+02 3.397042356363824922e+01 2.387187342387471489e-03
3.745454545454545148e-01 3.633018483316442939e+02 3.548384544165178767e+01 2.303506801616598924e-03
3.770396270396270122e-01 3.659625003742411877e+02 3.700829103549065735e+01 2.228946429712109090e-03
3.795337995337995096e-01 3.686332681839480756e+02 3.854192946532672437e+01 2.162803565094308621e-03
3.820279720279720070e-01 3.713141405250204343e+02 4.008323137864273633e+01 2.104420571519846281e-03
3.845221445221445045e-01 3.740050972159829143e+02 4.163093578697183972e+01 2.053188646604552949e-03
3.870163170163170019e-01 3.767061109351108712e+02 4.318401635614529255e+01 2.008549133240597039e-03
3.895104895104894993e-01 3.794171487654839439e+02 4.474164898652165334e+01 1.969993005248973309e-03
3.920046620046619967e-01 3.821381735001127140e+02 4.630318179728634931e+01 1.937059089170004370e-03
3.944988344988344942e-01 3.848691447321298824e+02 4.786810809114939502e+01 1.909331469655612150e-03
3.969930069930069916e-01 3.876100197564844621e+02 4.943604250024165481e+01 1.886436420253336053e-03
3.994871794871794890e-01 3.903607543090030276e+02 5.100670026863492268e+01 1.868039110915846327e-03
4.019813519813519864e-01 3.931213031669404359e+02 5.257987947915164995e+01 1.853840270118700239e-03
4.044755244755244838e-01 3.958916206327727423e+02 5.415544595368270819e+01 1.843572922170411132e-03
4.069696969696969813e-01 3.986716609203950838e+02 5.573332052448480312e+01 1.836999277058896842e-03
4.094638694638694787e-01 4.014613784603129147e+02 5.731346837198648814e+01 1.833907818485066687e-03
4.119580419580419761e-01 4.042607281379908954e+02 5.889589014030754299e+01 1.834110613174730732e-03
4.144522144522144735e-01 4.070696654773396972e+02 6.048061456724504836e+01 1.837440848863659999e-03
4.169463869463869710e-01 4.098881467793826801e+02 6.206769239362132140e+01 1.843750598227952104e-03
4.194405594405594684e-01 4.127161292244759920e+02 6.365719134832382053e+01 1.852908798980584934e-03
4.219347319347319658e-01 4.155535709450213062e+02 6.524919203229903530e+01 1.864799436878197131e-03
4.244289044289044632e-01 4.184004310744072654e+02 6.684378455167666289e+01 1.879319916117665407e-03
4.269230769230769607e-01 4.212566697768954214e+02 6.844106577311221429e+01 1.896379600946968523e-03
4.294172494172494581e-01 4.241222482623221595e+02 7.004113709472234461e+01 1.915898512414035545e-03
4.319114219114219000e-01 4.269971287887879043e+02 7.164410264339623780e+01 1.937806164818322218e-03
4.344055944055943974e-01 4.298812746559211178e+02 7.325006782410605410e+01 1.962040527386856806e-03
4.368997668997668948e-01 4.327746501908239338e+02 7.485913815936278581e+01 1.988547097812480135e-03
4.393939393939393923e-01 4.356772207284180922e+02 7.647141836749051436e+01 2.017278075473134206e-03
4.418881118881118897e-01 4.385889525875780919e+02 7.808701163718853877e+01 2.048191623323310055e-03
4.443822843822843871e-01 4.415098130441771218e+02 7.970601906317847352e+01 2.081251208578462769e-03
4.468764568764568845e-01 4.444397703019532173e+02 8.132853921382604767e+01 2.116425013369007627e-03
4.493706293706293819e-01 4.473787934619223847e+02 8.295466780668736817e+01 2.153685407515246609e-03
4.518648018648018794e-01 4.503268524909233292e+02 8.458449747210204350e+01 2.193008476461696683e-03
4.543589743589743768e-01 4.532839181897552407e+02 8.621811758843739426e+01 2.234373598207719906e-03
4.568531468531468742e-01 4.562499621612752208e+02 8.785561417544694507e+01 2.277763063786346787e-03
4.593473193473193716e-01 4.592249567787439446e+02 8.949706983457011233e+01 2.323161736481181832e-03
4.618414918414918691e-01 4.622088751546400545e+02 9.114256372697853692e+01 2.370556745534949539e-03
4.643356643356643665e-01 4.652016911101132450e+02 9.279217158177735314e+01 2.419937210601988582e-03
4.668298368298368639e-01 4.682033791452055880e+02 9.444596572811707347e+01 2.471293993637825939e-03
4.693240093240093613e-01 4.712139144099325563e+02 9.610401514608288664e+01 2.524619475306182081e-03
4.718181818181818588e-01 4.742332726762901984e+02 9.776638553213761895e+01 2.579907353322939256e-03
4.743123543123543562e-01 4.772614303112286507e+02 9.943313937566028926e+01 2.637152460458246864e-03
4.768065268065267981e-01 4.802983642506227397e+02 1.011043360437403322e+02 2.696350600177538012e-03
4.793006993006992955e-01 4.833440519742445645e+02 1.027800318719185668e+02 2.757498398135770599e-03
4.817948717948717929e-01 4.863984714817408985e+02 1.044602802589801058e+02 2.820593167939347903e-03
4.842890442890442904e-01 4.894616012696077405e+02 1.061451317642746659e+02 2.885632789769110741e-03
4.867832167832167878e-01 4.925334203091417749e+02 1.078346342063234715e+02 2.952615600614373354e-03
4.892773892773892852e-01 4.956139080253520888e+02 1.095288327617163162e+02 3.021540295003810519e-03
4.917715617715617826e-01 4.987030442768034959e+02 1.112277700635077622e+02 3.092405835240742348e-03
4.942657342657342801e-01 5.018008093363665694e+02 1.129314862984800811e+02 3.165211370257775634e-03
4.967599067599067775e-01 5.049071838728422676e+02 1.146400193027820222e+02 3.239956162296782349e-03
4.992540792540792749e-01 5.080221489334307421e+02 1.163534046555644892e+02 3.316639520705731269e-03
5.017482517482517723e-01 5.111456859270141990e+02 1.180716757703262800e+02 3.395260742213903823e-03
5.042424242424242697e-01 5.142777766082184598e+02 1.197948639837311333e+02 3.475819057117504520e-03
5.067365967365967672e-01 5.174184030622225237e+02 1.215229986418334249e+02 3.558313580852619489e-03
5.092307692307692646e-01 5.205675476902870287e+02 1.232561071834773543e+02 3.642743270500954037e-03
5.117249417249417620e-01 5.237251931959659714e+02 1.249942152209239623e+02 3.729106885801965459e-03
5.142191142191142594e-01 5.268913225719729780e+02 1.267373466176403269e+02 3.817402954294751849e-03
5.167132867132867569e-01 5.300659190876755247e+02 1.284855235632423103e+02 3.907629740244713754e-03
5.192074592074592543e-01 5.332489662771818075e+02 1.302387666456348256e+02 3.999785217044475767e-03
5.217016317016317517e-01 5.364404479280000260e+02 1.319970949203721489e+02 4.093867042807940518e-03
5.241958041958041381e-01 5.396403480702368824e+02 1.337605259773040700e+02 4.189872538879369814e-03
5.266899766899766355e-01 5.428486509663146080e+02 1.355290760045579361e+02 4.287798671065698453e-03
5.291841491841491329e-01 5.460653411011778644e+02 1.373027598499380701e+02 4.387642033325471480e-03
5.316783216783216304e-01 5.492904031729693770e+02 1.390815910798088453e+02 4.489398833750813528e-03
5.341724941724941278e-01 5.525238220841514476e+02 1.408655820355553487e+02 4.593064882550504900e-03
5.366666666666666252e-01 5.557655829330507231e+02 1.426547438876496585e+02 4.698635582472035499e-03
5.391608391608391226e-01 5.590156710058074623e+02 1.444490866875292454e+02 4.806105919992195025e-03
5.416550116550116201e-01 5.622740717687069036e+02 1.462486194172086016e+02 4.915470459172154201e-03
5.441491841491841175e-01 5.655407708608756820e+02 1.480533500368230762e+02 5.026723336571792440e-03
5.466433566433566149e-01 5.688157540873273774e+02 1.498632855301503355e+02 5.139858257543613793e-03
5.491375291375291123e-01 5.720990074123362774e+02 1.516784319481831744e+02 5.254868493914572648e-03
5.516317016317016098e-01 5.753905169531252568e+02 1.534987944508415865e+02 5.371746882822985014e-03
5.541258741258741072e-01 5.786902689738542449e+02 1.553243773468969664e+02 5.490485826627342775e-03
5.566200466200466046e-01 5.819982498798898405e+02 1.571551841321827112e+02 5.611077293842002718e-03
5.591142191142191020e-01 5.853144462123478888e+02 1.589912175261564471e+02 5.733512821089349794e-03
5.616083916083915994e-01 5.886388446428911720e+02 1.608324795069326001e+02 5.857783515395369699e-03
5.641025641025640969e-01 5.919714319687726629e+02 1.626789713447223562e+02 5.983880058270094927e-03
5.665967365967365943e-01 5.953121951081113821e+02 1.645306936339237325e+02 6.111792709494446273e-03
5.690909090909090917e-01 5.986611210953883528e+02 1.663876463237848782e+02 6.241511312062084441e-03
5.715850815850815891e-01 6.020181970771536726e+02 1.682498287477611711e+02 6.373025297618122899e-03
5.740792540792540866e-01 6.053834103079345823e+02 1.701172396516087701e+02 6.506323692440758866e-03
5.765734265734265840e-01 6.087567481463341892e+02 1.719898772202688804e+02 6.641395123918498317e-03
5.790675990675990814e-01 6.121381980513083363e+02 1.738677391036019628e+02 6.778227827476944120e-03
5.815617715617715788e-01 6.155277475786195964e+02 1.757508224410115645e+02 6.916809653912102743e-03
5.840559440559440763e-01 6.189253843774532697e+02 1.776391238850142429e+02 7.057128077092029994e-03
5.865501165501165737e-01 6.223310961871878817e+02 1.795326396237988149e+02 7.199170201987427180e-03
5.890442890442890711e-01 6.257448708343180215e+02 1.814313654028147482e+02 7.342922772999339008e-03
5.915384615384615685e-01 6.291666962295167878e+02 1.833352965454384957e+02 7.488372182549368067e-03
5.940326340326340659e-01 6.325965603648323849e+02 1.852444279727531296e+02 7.635504479903164506e-03
5.965268065268065634e-01 6.360344513110151183e+02 1.871587542224777394e+02 7.784305380199410193e-03
5.990209790209790608e-01 6.394803572149645561e+02 1.890782694670915021e+02 7.934760273656020491e-03
6.015151515151515582e-01 6.429342662972936751e+02 1.910029675311755284e+02 8.086854234931844035e-03
6.040093240093240556e-01 6.463961668500047608e+02 1.929328419080156038e+02 8.240572032617550849e-03
6.065034965034965531e-01 6.498660472342696721e+02 1.948678857754913452e+02 8.395898138837256525e-03
6.089976689976690505e-01 6.533438958783099224e+02 1.968080920112864760e+02 8.552816738937776830e-03
6.114918414918415479e-01 6.568297012753755553e+02 1.987534532074462845e+02 8.711311741248489032e-03
6.139860139860140453e-01 6.603234519818107628e+02 2.007039616843100873e+02 8.871366786894855153e-03
6.164801864801865428e-01 6.638251366152085211e+02 2.026596095038480314e+02 9.032965259646469694e-03
6.189743589743590402e-01 6.673347438526500355e+02 2.046203884824227544e+02 9.196090295787068963e-03
6.214685314685315376e-01 6.708522624290174008e+02 2.065862902030047223e+02 9.360724793990552947e-03
6.239627039627040350e-01 6.743776811353881158e+02 2.085573060268609140e+02 9.526851425190070027e-03
6.264568764568765324e-01 6.779109888174948537e+02 2.105334271047424011e+02 9.694452642428031883e-03
6.289510489510490299e-01 6.814521743742558328e+02 2.125146443875867988e+02 9.863510690682322779e-03
6.314452214452215273e-01 6.850012267563732848e+02 2.145009486367632121e+02 1.003400761661300648e-02
6.339393939393940247e-01 6.885581349649861522e+02 2.164923304338692844e+02 1.020592527833457872e-02
6.364335664335665221e-01 6.921228880503880418e+02 2.184887801901079172e+02 1.037924535504687433e-02
6.389277389277390196e-01 6.956954751108019082e+02 2.204902881552556266e+02 1.055394935663817556e-02
6.414219114219115170e-01 6.992758852911991880e+02 2.224968444262460707e+02 1.073001863319998465e-02
6.439160839160840144e-01 7.028641077821826002e+02 2.245084389553716164e+02 1.090743438445794002e-02
6.464102564102565118e-01 7.064601318189062340e+02 2.265250615581352918e+02 1.108617766910953602e-02
6.489044289044290093e-01 7.100639466800502078e+02 2.285467019207567034e+02 1.126622941406201818e-02
6.513986013986015067e-01 7.136755416868318207e+02 2.305733496073477511e+02 1.144757042356769720e-02
6.538927738927740041e-01 7.172949062020667270e+02 2.326049940667772944e+02 1.163018138824562821e-02
6.563869463869465015e-01 7.209220296292625108e+02 2.346416246392289793e+02 1.181404289399127713e-02
6.588811188811189989e-01 7.245569014117561437e+02 2.366832305624741082e+02 1.199913543076373823e-02
6.613752913752913853e-01 7.281995110318841853e+02 2.387298009778655228e+02 1.218543940125005505e-02
6.638694638694638828e-01 7.318498480101895893e+02 2.407813249360636121e+02 1.237293512940068445e-02
6.663636363636363802e-01 7.355079019046590929e+02 2.428377914025120674e+02 1.256160286883433244e-02
6.688578088578088776e-01 7.391736623099958479e+02 2.448991892626636400e+02 1.275142281110653447e-02
6.713519813519813750e-01 7.428471188569180867e+02 2.469655073269776722e+02 1.294237509384220733e-02
6.738461538461538725e-01 7.465282612114883705e+02 2.490367343356898857e+02 1.313443980872704142e-02
6.763403263403263699e-01 7.502170790744711439e+02 2.511128589633657953e+02 1.332759700935627102e-02
6.788344988344988673e-01 7.539135621807123471e+02 2.531938698232538911e+02 1.352182671893960471e-02
6.813286713286714757e-01 7.576177002985472200e+02 2.552797554714356920e+02 1.371710893785869217e-02
6.838228438228437511e-01 7.613294832292305045e+02 2.573705044107906019e+02 1.391342365107833302e-02
6.863170163170162485e-01 7.650489008063908614e+02 2.594661050947753438e+02 1.411075083540624941e-02
6.888111888111887460e-01 7.687759428955008616e+02 2.615665459310384335e+02 1.430907046660442709e-02
6.913053613053612434e-01 7.725105993933755144e+02 2.636718152848545174e+02 1.450836252634780249e-02
6.937995337995337408e-01 7.762528602276835272e+02 2.657819014824184478e+02 1.470860700903201673e-02
6.962937062937062382e-01 7.800027153564809623e+02 2.678967928139667265e+02 1.490978392842706897e-02
6.987878787878787357e-01 7.837601547677610370e+02 2.700164775367694006e+02 1.511187332417899404e-02
7.012820512820512331e-01 7.875251684790205218e+02 2.721409438779740526e+02 1.531485526815882722e-02
7.037762237762237305e-01 7.912977465368433059e+02 2.742701800373175161e+02 1.551870987065590013e-02
7.062703962703962279e-01 7.950778790164981729e+02 2.764041741897128190e+02 1.572341728642043593e-02
7.087645687645687254e-01 7.988655560215526066e+02 2.785429144877076624e+02 1.592895772055110543e-02
7.112587412587412228e-01 8.026607676834972835e+02 2.806863890638350085e+02 1.613531143423099432e-02
7.137529137529137202e-01 8.064635041613881867e+02 2.828345860328405479e+02 1.634245875031039782e-02
7.162470862470862176e-01 8.102737556414981555e+02 2.849874934938147248e+02 1.655038005873749399e-02
7.187412587412587150e-01 8.140915123369826460e+02 2.871450995322135213e+02 1.675905582183937967e-02
7.212354312354312125e-01 8.179167644875540191e+02 2.893073922217863014e+02 1.696846657945007622e-02
7.237296037296037099e-01 8.217495023591708332e+02 2.914743596264090115e+02 1.717859295389244714e-02
7.262237762237762073e-01 8.255897162437344150e+02 2.936459898018264312e+02 1.738941565480713394e-02
7.287179487179487047e-01 8.294373964587963428e+02 2.958222707973139336e+02 1.760091548383787771e-02
7.312121212121212022e-01 8.332925333472755938e+02 2.980031906572533558e+02 1.781307333916799102e-02
7.337062937062936996e-01 8.371551172771852407e+02 3.001887374226321867e+02 1.802587021991170629e-02
7.362004662004661970e-01 8.410251386413693808e+02 3.023788991324687458e+02 1.823928723036269753e-02
7.386946386946386944e-01 8.449025878572410875e+02 3.045736638251705131e+02 1.845330558409817232e-02
7.411888111888111919e-01 8.487874553665388930e+02 3.067730195398170281e+02 1.866790660794287460e-02
7.436829836829836893e-01 8.526797316350836127e+02 3.089769543173875945e+02 1.888307174579258521e-02
7.461771561771561867e-01 8.565794071525436948e+02 3.111854562019198625e+02 1.909878256229931640e-02
7.486713286713286841e-01 8.604864724322100074e+02 3.133985132416149781e+02 1.931502074641960193e-02
7.511655011655011815e-01 8.644009180107726706e+02 3.156161134898865726e+02 1.953176811482552552e-02
7.536596736596736790e-01 8.683227344481090313e+02 3.178382450063560896e+02 1.974900661517705464e-02
7.561538461538461764e-01 8.722519123270757291e+02 3.200648958577927488e+02 1.996671832930652785e-02
7.586480186480186738e-01 8.761884422533055385e+02 3.222960541190150252e+02 2.018488547619198478e-02
7.611421911421911712e-01 8.801323148550094402e+02 3.245317078737422776e+02 2.040349041486303264e-02
7.636363636363636687e-01 8.840835207827877866e+02 3.267718452153859516e+02 2.062251564726580097e-02
7.661305361305361661e-01 8.880420507094420373e+02 3.290164542478760268e+02 2.084194382049152014e-02
7.686247086247086635e-01 8.920078953297943372e+02 3.312655230862997087e+02 2.106175772990432141e-02
7.711188811188811609e-01 8.959810453605092562e+02 3.335190398576520465e+02 2.128194032112741205e-02
7.736130536130536584e-01 8.999614915399222355e+02 3.357769927014746827e+02 2.150247469241928916e-02
7.761072261072261558e-01 9.039492246278711036e+02 3.380393697704792544e+02 2.172334409683191608e-02
7.786013986013986532e-01 9.079442354055344140e+02 3.403061592311352683e+02 2.194453194425387971e-02
7.810955710955711506e-01 9.119465146752654618e+02 3.425773492642363180e+02 2.216602180332664235e-02
7.835897435897436480e-01 9.159560532604427863e+02 3.448529280654177569e+02 2.238779740331586776e-02
7.860839160839161455e-01 9.199728420053130549e+02 3.471328838456793733e+02 2.260984263573893524e-02
7.885780885780886429e-01 9.239968717748446352e+02 3.494172048318513930e+02 2.283214155602295015e-02
7.910722610722611403e-01 9.280281334545785512e+02 3.517058792670553657e+02 2.305467838498883107e-02
7.935664335664336377e-01 9.320666179504896718e+02 3.539988954111340149e+02 2.327743751024330052e-02
7.960606060606061352e-01 9.361123161888442610e+02 3.562962415410619883e+02 2.350040348747389068e-02
7.985547785547786326e-01 9.401652191160648044e+02 3.585979059513380207e+02 2.372356104164087542e-02
8.010489510489511300e-01 9.442253176985971095e+02 3.609038769543527110e+02 2.394689506807609267e-02
8.035431235431236274e-01 9.482926029227787694e+02 3.632141428807453849e+02 2.417039063348511152e-02
8.060372960372961249e-01 9.523670657947088785e+02 3.655286920797377093e+02 2.439403297685522817e-02
8.085314685314686223e-01 9.564486973401288878e+02 3.678475129194535498e+02 2.461780751027625377e-02
8.110256410256411197e-01 9.605374886042918661e+02 3.701705937872241634e+02 2.484169981966900809e-02
8.135198135198136171e-01 9.646334306518472204e+02 3.724979230898791229e+02 2.506569566542941191e-02
8.160139860139861145e-01 9.687365145667210982e+02 3.748294892540225192e+02 2.528978098298751212e-02
8.185081585081586120e-01 9.728467314520000855e+02 3.771652807262971692e+02 2.551394188328256693e-02
8.210023310023311094e-01 9.769640724298176337e+02 3.795052859736406390e+02 2.573816465316014490e-02
8.234965034965036068e-01 9.810885286412427604e+02 3.818494934835217691e+02 2.596243575568785156e-02
8.259906759906761042e-01 9.852200912461695452e+02 3.841978917641748126e+02 2.618674183039642819e-02
8.284848484848486017e-01 9.893587514232123112e+02 3.865504693448214653e+02 2.641106969344564001e-02
8.309790209790210991e-01 9.935045003695968262e+02 3.889072147758811298e+02 2.663540633771712893e-02
8.334731934731935965e-01 9.976573293010582120e+02 3.912681166291772001e+02 2.685973893283770744e-02
8.359673659673660939e-01 1.001817229451738854e+03 3.936331634981314664e+02 2.708405482513264254e-02
8.384615384615385913e-01 1.005984192074089378e+03 3.960023439979526643e+02 2.730834153751381457e-02
8.409557109557110888e-01 1.010158208438767929e+03 3.983756467658191696e+02 2.753258676930039547e-02
8.434498834498835862e-01 1.014339269834546371e+03 4.007530604610506657e+02 2.775677839597971361e-02
8.459440559440560836e-01 1.018527367568212981e+03 4.031345737652831644e+02 2.798090446890483599e-02
8.484382284382285810e-01 1.022722492964481944e+03 4.055201753826252684e+02 2.820495321493352719e-02
8.509324009324010785e-01 1.026924637365897524e+03 4.079098540398209707e+02 2.842891303601003186e-02
8.534265734265735759e-01 1.031133792132747658e+03 4.103035984864033594e+02 2.865277250869129738e-02
8.559207459207460733e-01 1.035349948642973004e+03 4.127013974948403074e+02 2.887652038361860490e-02
8.584149184149185707e-01 1.039573098292080431e+03 4.151032398606791958e+02 2.910014558493809883e-02
8.609090909090910682e-01 1.043803232493057749e+03 4.175091144026904431e+02 2.932363720967144996e-02
8.634032634032635656e-01 1.048040342676287082e+03 4.199190099630028499e+02 2.954698452703566694e-02
8.658974358974358410e-01 1.052284420289464833e+03 4.223329154072341680e+02 2.977017697771934188e-02
8.683916083916083384e-01 1.056535456797517554e+03 4.247508196246282637e+02 2.999320417311026124e-02
8.708857808857808358e-01 1.060793443682522138e+03 4.271727115281766487e+02 3.021605589448340609e-02
8.733799533799533332e-01 1.065058372443627604e+03 4.295985800547456392e+02 3.043872209214274968e-02
8.758741258741258306e-01 1.069330234596975288e+03 4.320284141652027756e+02 3.066119288451182520e-02
8.783682983682983281e-01 1.073609021675625627e+03 4.344622028445261890e+02 3.088345855723800132e-02
8.808624708624708255e-01 1.077894725229476308e+03 4.368999351019319306e+02 3.110550956219260491e-02
8.833566433566433229e-01 1.082187336825197235e+03 4.393415999709705488e+02 3.132733651655997265e-02
8.858508158508158203e-01 1.086486848046147543e+03 4.417871865097099544e+02 3.154893020139206555e-02
8.883449883449883178e-01 1.090793250492311245e+03 4.442366838007444017e+02 3.177028156115307977e-02
8.908391608391608152e-01 1.095106535780222885e+03 4.466900809513734316e+02 3.199138170220040128e-02
8.933333333333333126e-01 1.099426695542897278e+03 4.491473670936959479e+02 3.221222189175241418e-02
8.958275058275058100e-01 1.103753721429763800e+03 4.516085313847156613e+02 3.243279355672454983e-02
8.983216783216783075e-01 1.108087605106596129e+03 4.540735630064492625e+02 3.265308828253831591e-02
9.008158508158508049e-01 1.112428338255446306e+03 4.565424511659588234e+02 3.287309781191850161e-02
9.033100233100233023e-01 1.116775912574578570e+03 4.590151850957418560e+02 3.309281404359869228e-02
9.058041958041957997e-01 1.121130319778407966e+03 4.614917540534149794e+02 3.331222903113446182e-02
9.082983682983682971e-01 1.125491551597432817e+03 4.639721473220892562e+02 3.353133498156782299e-02
9.107925407925407946e-01 1.129859599778174470e+03 4.664563542104052090e+02 3.375012425413180528e-02
9.132867132867132920e-01 1.134234456083115219e+03 4.689443640526324089e+02 3.396858935892486248e-02
9.157808857808857894e-01 1.138616112290637830e+03 4.714361662087688956e+02 3.418672295556689916e-02
9.182750582750582868e-01 1.143004560194965052e+03 4.739317500646408803e+02 3.440451785183805400e-02
9.207692307692307843e-01 1.147399791606101871e+03 4.764311050319984702e+02 3.462196700229977497e-02
9.232634032634032817e-01 1.151801798349777073e+03 4.789342205486137232e+02 3.483906350690506304e-02
9.257575757575757791e-01 1.156210572267385487e+03 4.814410860783754629e+02 3.505580060959056360e-02
9.282517482517482765e-01 1.160626105215934331e+03 4.839516911113862534e+02 3.527217169685858966e-02
9.307459207459207740e-01 1.165048389067984999e+03 4.864660251640541446e+02 3.548817029634624559e-02
9.332400932400932714e-01 1.169477415711599633e+03 4.889840777791899313e+02 3.570379007538449639e-02
9.357342657342657688e-01 1.173913177050289050e+03 4.915058385260953742e+02 3.591902483954659969e-02
9.382284382284382662e-01 1.178355665002958176e+03 4.940312970006584123e+02 3.613386853118909919e-02
9.407226107226107636e-01 1.182804871503853519e+03 4.965604428254422373e+02 3.634831522798207676e-02
9.432167832167832611e-01 1.187260788502515197e+03 4.990932656497780044e+02 3.656235914143598359e-02
9.457109557109557585e-01 1.191723407963722366e+03 5.016297551498515190e+02 3.677599461541956188e-02
9.482051282051282559e-01 1.196192721867447062e+03 5.041699010287938449e+02 3.698921612467374886e-02
9.506993006993007533e-01 1.200668722208802137e+03 5.067136930167667401e+02 3.720201827331989092e-02
9.531934731934732508e-01 1.205151400997996006e+03 5.092611208710537767e+02 3.741439579336544585e-02
9.556876456876457482e-01 1.209640750260284449e+03 5.118121743761399784e+02 3.762634354320594510e-02
9.581818181818182456e-01 1.214136762035923539e+03 5.143668433438018610e+02 3.783785650612463830e-02
9.606759906759907430e-01 1.218639428380121899e+03 5.169251176131901957e+02 3.804892978879152732e-02
9.631701631701632405e-01 1.223148741362998180e+03 5.194869870509119210e+02 3.825955861975971484e-02
9.656643356643357379e-01 1.227664693069535588e+03 5.220524415511071084e+02 3.846973834800056918e-02
9.681585081585082353e-01 1.232187275599538680e+03 5.246214710355662874e+02 3.867946444117669608e-02
9.706526806526807327e-01 1.236716481067586301e+03 5.271940654537215778e+02 3.888873248468598803e-02
9.731468531468532301e-01 1.241252301602994748e+03 5.297702147828327952e+02 3.909753817949708499e-02
9.756410256410257276e-01 1.245794729349770705e+03 5.323499090280020027e+02 3.930587734106217451e-02
9.781351981351982250e-01 1.250343756466573268e+03 5.349331382222637785e+02 3.951374589772022050e-02
9.806293706293707224e-01 1.254899375126671657e+03 5.375198924266593394e+02 3.972113988920614180e-02
9.831235431235432198e-01 1.259461577517905198e+03 5.401101617303155535e+02 3.992805546516276644e-02
9.856177156177157173e-01 1.264030355842643303e+03 5.427039362505151985e+02 4.013448888366010631e-02
9.881118881118882147e-01 1.268605702317748182e+03 5.453012061327675610e+02 4.034043650971727568e-02
9.906060606060607121e-01 1.273187609174533918e+03 5.479019615508816514e+02 4.054589481383135546e-02
9.931002331002332095e-01 1.277776068658731219e+03 5.505061927070311185e+02 4.075086037052432636e-02
9.955944055944057069e-01 1.282371073030449679e+03 5.531138898318422434e+02 4.095532985677533683e-02
9.980885780885782044e-01 1.286972614564137757e+03 5.557250431844068999e+02 4.115930005087761745e-02
1.000582750582750702e+00 1.291580685548551401e+03 5.583396430524256857e+02 4.136276783053605827e-02
1.003076923076923199e+00 1.296195278286715393e+03 5.609576797522082643e+02 4.156573017179913260e-02
1.005571095571095697e+00 1.300816385095889473e+03 5.635791436287631768e+02 4.176818414746978625e-02
1.008065268065268194e+00 1.305443998307530819e+03 5.662040250558555954e+02 4.197012692570931125e-02
1.010559440559440691e+00 1.310078110267265629e+03 5.688323144360647348e+02 4.217155576862502420e-02
1.013053613053613189e+00 1.314718713334848644e+03 5.714640022008419464e+02 4.237246803086328756e-02
1.015547785547785686e+00 1.319365799884136322e+03 5.740990788105698357e+02 4.257286115821494465e-02
1.018041958041958184e+00 1.324019362303047728e+03 5.767375347546151261e+02 4.277273268622718699e-02
1.020536130536130681e+00 1.328679392993537704e+03 5.793793605513824332e+02 4.297208023882655159e-02
1.023030303030303179e+00 1.333345884371562306e+03 5.820245467483665607e+02 4.317090152695194499e-02
1.025524475524475676e+00 1.338018828867046977e+03 5.846730839222055920e+02 4.336919434719874872e-02
1.028018648018648173e+00 1.342698218923858349e+03 5.873249626787227271e+02 4.356695658046969011e-02
1.030512820512820671e+00 1.347384046999769453e+03 5.899801736529825575e+02 4.376418619064122856e-02
1.033006993006993168e+00 1.352076305566432666e+03 5.926387075093286967e+02 4.396088122323692227e-02
1.035501165501165666e+00 1.356774987109350150e+03 5.953005549414340294e+02 4.415703980411390950e-02
1.037995337995338163e+00 1.361480084127842247e+03 5.979657066723374328e+02 4.435266013815980513e-02
1.040489510489510661e+00 1.366191589135019512e+03 6.006341534544901606e+02 4.454774050800111573e-02
1.042983682983683158e+00 1.370909494657755204e+03 6.033058860697894943e+02 4.474227927272296512e-02
1.045477855477855655e+00 1.375633793236656174e+03 6.059808953296194431e+02 4.493627486660103920e-02
1.047972027972027931e+00 1.380364477426031954e+03 6.086591720748868966e+02 4.512972579784476496e-02
1.050466200466200428e+00 1.385101539793874508e+03 6.113407071760532290e+02 4.532263064735243818e-02
1.052960372960372926e+00 1.389844972921823455e+03 6.140254915331652228e+02 4.551498806747925757e-02
1.055454545454545423e+00 1.394594769405143552e+03 6.167135160758909933e+02 4.570679678081544101e-02
1.057948717948717920e+00 1.399350921852696501e+03 6.194047717635448862e+02 4.589805557897945476e-02
1.060442890442890418e+00 1.404113422886915032e+03 6.220992495851137392e+02 4.608876332142140819e-02
1.062937062937062915e+00 1.408882265143776976e+03 6.247969405593379406e+02 4.627891893422788477e-02
1.065431235431235413e+00 1.413657441272780488e+03 6.274978357345062250e+02 4.646852140900041561e-02
1.067925407925407910e+00 1.418438943936915848e+03 6.302019261888500523e+02 4.665756980161527706e-02
1.070419580419580408e+00 1.423226765812645681e+03 6.329092030302878129e+02 4.684606323113849752e-02
1.072913752913752905e+00 1.428020899589875171e+03 6.356196573965235075e+02 4.703400087867474350e-02
1.075407925407925402e+00 1.432821337971929324e+03 6.383332804550603896e+02 4.722138198624635519e-02
1.077902097902097900e+00 1.437628073675527503e+03 6.410500634032200651e+02 4.740820585568633616e-02
1.080396270396270397e+00 1.442441099430763643e+03 6.437699974681495405e+02 4.759447184754186239e-02
1.082890442890442895e+00 1.447260407981078288e+03 6.464930739068374805e+02 4.778017937999248094e-02
1.085384615384615392e+00 1.452085992083234487e+03 6.492192840061225070e+02 4.796532792777979254e-02
1.087878787878787890e+00 1.456917844507299378e+03 6.519486190827009295e+02 4.814991702115034578e-02
1.090372960372960387e+00 1.461755958036615993e+03 6.546810704831341354e+02 4.833394624481052171e-02
1.092867132867132884e+00 1.466600325467784614e+03 6.574166295838518863e+02 4.851741523689669100e-02
1.095361305361305382e+00 1.471450939610636624e+03 6.601552877911565247e+02 4.870032368795342709e-02
1.097855477855477879e+00 1.476307793288215862e+03 6.628970365412226329e+02 4.888267133992899027e-02
1.100349650349650377e+00 1.481170879336751113e+03 6.656418673000986246e+02 4.906445798518185158e-02
1.102843822843822874e+00 1.486040190605639737e+03 6.683897715637043575e+02 4.924568346549745151e-02
1.105337995337995372e+00 1.490915719957424017e+03 6.711407408578240847e+02 4.942634767112175781e-02
1.107832167832167869e+00 1.495797460267768429e+03 6.738947667381069095e+02 4.960645053980509284e-02
1.110326340326340366e+00 1.500685404425436445e+03 6.766518407900139209e+02 4.978599205582750348e-02
1.112820512820512864e+00 1.505579545332275984e+03 6.794119546289700793e+02 4.996497224917726548e-02
1.115314685314685361e+00 1.510479875903191214e+03 6.821750999001222908e+02 5.014339119448226606e-02
1.117808857808857859e+00 1.515386389066126867e+03 6.849412682784764002e+02 5.032124901019668223e-02
1.120303030303030356e+00 1.520299077762042316e+03 6.877104514688502377e+02 5.049854585768412396e-02
1.122797202797202853e+00 1.525217934944894296e+03 6.904826412058555434e+02 5.067528194033724814e-02
1.125291375291375351e+00 1.530142953581619850e+03 6.932578292538785263e+02 5.085145750270735759e-02
1.127785547785547848e+00 1.535074126652107452e+03 6.960360074070711107e+02 5.102707282964704522e-02
1.130279720279720346e+00 1.540011447149183141e+03 6.988171674893217187e+02 5.120212824546413466e-02
1.132773892773892843e+00 1.544954908078589824e+03 7.016013013542373074e+02 5.137662411308825672e-02
1.135268065268065341e+00 1.549904502458966135e+03 7.043884008851201770e+02 5.155056083325012389e-02
1.137762237762237838e+00 1.554860223321827107e+03 7.071784579949421641e+02 5.172393884366987410e-02
1.140256410256410335e+00 1.559822063711542341e+03 7.099714646263255418e+02 5.189675861825985420e-02
1.142750582750582833e+00 1.564790016685320325e+03 7.127674127515050486e+02 5.206902066633694454e-02
1.145244755244755330e+00 1.569764075313187732e+03 7.155662943723037870e+02 5.224072553184870571e-02
1.147738927738927828e+00 1.574744232677969421e+03 7.183681015201075297e+02 5.241187379260869861e-02
1.150233100233100325e+00 1.579730481875265241e+03 7.211728262558273173e+02 5.258246605954327441e-02
1.152727272727272823e+00 1.584722816013442753e+03 7.239804606698635325e+02 5.275250297595271420e-02
1.155221445221445320e+00 1.589721228213602899e+03 7.267909968820823678e+02 5.292198521677853734e-02
1.157715617715617817e+00 1.594725711609571363e+03 7.296044270417681901e+02 5.309091348788599202e-02
1.160209790209790315e+00 1.599736259347877876e+03 7.324207433275904577e+02 5.325928852535619790e-02
1.162703962703962812e+00 1.604752864587735758e+03 7.352399379475693877e+02 5.342711109478766318e-02
1.165198135198135310e+00 1.609775520501022584e+03 7.380620031390288887e+02 5.359438199061134639e-02
1.167692307692307807e+00 1.614804220272264502e+03 7.408869311685616594e+02 5.376110203541328153e-02
1.170186480186480305e+00 1.619838957098614401e+03 7.437147143319792804e+02 5.392727207927078964e-02
1.172680652680652802e+00 1.624879724189836224e+03 7.465453449542762883e+02 5.409289299909683657e-02
1.175174825174825299e+00 1.629926514768284051e+03 7.493788153895796995e+02 5.425796569799569424e-02
1.177668997668997797e+00 1.634979322068886177e+03 7.522151180211045585e+02 5.442249110462901024e-02
1.180163170163170294e+00 1.640038139339123973e+03 7.550542452611042563e+02 5.458647017259096734e-02
1.182657342657342792e+00 1.645102959839016648e+03 7.578961895508275575e+02 5.474990387979535716e-02
1.185151515151515067e+00 1.650173776841101017e+03 7.607409433604597098e+02 5.491279322787034900e-02
1.187645687645687564e+00 1.655250583630413530e+03 7.635884991890789024e+02 5.507513924156501317e-02
1.190139860139860062e+00 1.660333373504473229e+03 7.664388495646015826e+02 5.523694296816366450e-02
1.192634032634032559e+00 1.665422139773261279e+03 7.692919870437272039e+02 5.539820547691134967e-02
1.195128205128205057e+00 1.670516875759204368e+03 7.721479042118864982e+02 5.555892785844896570e-02
1.197622377622377554e+00 1.675617574797160387e+03 7.750065936831813360e+02 5.571911122425643459e-02
1.200116550116550052e+00 1.680724230234392735e+03 7.778680481003360683e+02 5.587875670610461393e-02
1.202610722610722549e+00 1.685836835430558722e+03 7.807322601346317015e+02 5.603786545551988491e-02
1.205104895104895046e+00 1.690955383757688423e+03 7.835992224858512145e+02 5.619643864325412491e-02
1.207599067599067544e+00 1.696079868600167856e+03 7.864689278822181677e+02 5.635447745876430437e-02
1.210093240093240041e+00 1.701210283354722151e+03 7.893413690803388363e+02 5.651198310970363681e-02
1.212587412587412539e+00 1.706346621430393498e+03 7.922165388651360445e+02 5.666895682141682294e-02
1.215081585081585036e+00 1.711488876248530460e+03 7.950944300497893664e+02 5.682539983644892267e-02
1.217575757575757534e+00 1.716637041242764099e+03 7.979750354756712341e+02 5.698131341405793943e-02
1.220069930069930031e+00 1.721791109858991604e+03 8.008583480122807714e+02 5.713669882974097697e-02
1.222564102564102528e+00 1.726951075555358329e+03 8.037443605571811531e+02 5.729155737476344934e-02
1.225058275058275026e+00 1.732116931802243244e+03 8.066330660359311651e+02 5.744589035569937913e-02
1.227552447552447523e+00 1.737288672082237099e+03 8.095244574020165373e+02 5.759969909398025834e-02
1.230046620046620021e+00 1.742466289890125154e+03 8.124185276367870756e+02 5.775298492545123674e-02
1.232540792540792518e+00 1.747649778732873528e+03 8.153152697493792402e+02 5.790574919993247971e-02
1.235034965034965015e+00 1.752839132129603968e+03 8.182146767766575977e+02 5.805799328079452176e-02
1.237529137529137513e+00 1.758034343611584745e+03 8.211167417831336479e+02 5.820971854453362015e-02
1.240023310023310010e+00 1.763235406722205425e+03 8.240214578609023874e+02 5.836092638036129154e-02
1.242517482517482508e+00 1.768442315016964130e+03 8.269288181295628419e+02 5.851161818979741525e-02
1.245011655011655005e+00 1.773655062063447076e+03 8.298388157361546291e+02 5.866179538627214196e-02
1.247505827505827503e+00 1.778873641441311975e+03 8.327514438550746263e+02 5.881145939473533119e-02
1.250000000000000000e+00 1.784098046742269844e+03 8.356666956880119415e+02 5.896061165127071402e-02
