# n_fm^-3 Ebind_MeV Esym_MeV Psnm_MeVfm^-3 K_MeV L_MeV
8.000000000000000167e-03 6.481916516258934280e-02 2.198791239883543636e+00 -6.881381173863942990e-03 -3.290385889958233445e+00 5.073080724276419318e+00
1.047499999999999994e-02 -2.228604652358399107e-01 2.714177586730301961e+00 -1.357195022505841564e-02 -4.754051938745619488e+00 6.445124582940975344e+00
1.294999999999999971e-02 -5.427809629861712892e-01 3.214013727888565874e+00 -2.249181761149721126e-02 -5.485360474417889876e+00 7.770056000373350535e+00
1.542500000000000121e-02 -8.839358664739620508e-01 3.704184721913007294e+00 -3.357450978620590831e-02 -5.207357057912489928e+00 9.108176857568953011e+00
1.789999999999999925e-02 -1.239431009243503468e+00 4.188308172944563701e+00 -4.673160036098167325e-02 -4.708329922397132883e+00 1.046437302567853678e+01
2.037500000000000075e-02 -1.604595987376342237e+00 4.668777766179464273e+00 -6.186065059717194003e-02 -3.988306303447069823e+00 1.184157761581796642e+01
2.285000000000000225e-02 -1.976087385558344067e+00 5.147258016679515435e+00 -7.884968843217521339e-02 -3.050206678092005852e+00 1.324149645600494729e+01
2.532500000000000029e-02 -2.351411495772140370e+00 5.624947094512426027e+00 -9.757996554511194631e-02 -1.897642020620040837e+00 1.466502264808377909e+01
2.780000000000000179e-02 -2.728648434974047632e+00 6.102728396515180620e+00 -1.179277675392285119e-01 -5.342489502349517805e-01 1.611248367815050386e+01
3.027500000000000330e-02 -3.106282332911860067e+00 6.581263571812726809e+00 -1.397656633180446306e-01 1.036506139911026247e+00 1.758379472034711100e+01
3.275000000000000133e-02 -3.483091494594987125e+00 7.061052468804947857e+00 -1.629634025979314060e-01 2.811367230002513207e+00 1.907855687246633636e+01
3.522500000000000631e-02 -3.858074441042276703e+00 7.542473307372101310e+00 -1.873885821657736983e-01 4.787276880071371643e+00 2.059612161987377021e+01
3.770000000000000434e-02 -4.230398422490566190e+00 8.025810472290872966e+00 -2.129071542101996783e-01 6.961349319065710084e+00 2.213563376635117663e+01
4.017500000000000238e-02 -4.599362555990069268e+00 8.511274254705773146e+00 -2.393838232445162362e-01 9.330841806985084474e+00 2.369606015562144208e+01
4.265000000000000041e-02 -4.964370792680711020e+00 8.999015183100464554e+00 -2.666823622186598186e-01 1.189312884655589642e+01 2.527620872685449172e+01
4.512500000000000538e-02 -5.324911677869181403e+00 9.489134615768140435e+00 -2.946658685652963072e-01 1.464568046241935306e+01 2.687474081370904244e+01
4.760000000000000342e-02 -5.680542919451795569e+00 9.981692686538023551e+00 -3.231969746059704107e-01 1.758604451649304679e+01 2.849017860612772424e+01
5.007500000000000145e-02 -6.030879432479991920e+00 1.047671433635870031e+01 -3.521380227386643469e-01 2.071183258420438023e+01 3.012090907047450727e+01
5.255000000000000643e-02 -6.375583943989568070e+00 1.097419393399250254e+01 -3.813512126494202903e-01 2.402070880796790675e+01 3.176518522807084466e+01
5.502500000000000446e-02 -6.714359515020078106e+00 1.147409883923818086e+01 -4.106987264111054969e-01 2.751038117633126134e+01 3.342112543139996461e+01
5.750000000000000250e-02 -7.046943519848696269e+00 1.197637216137659877e+01 -4.400428354638634687e-01 3.117859482126270976e+01 3.508671109757074191e+01
5.997500000000000747e-02 -7.373102747657753753e+00 1.248093489682064927e+01 -4.692459927706025269e-01 3.502312685835639172e+01 3.675978324510266049e+01
6.245000000000000551e-02 -7.692629379442905702e+00 1.298768758204219864e+01 -4.981709126339310956e-01 3.904178247253461365e+01 3.843803809578392361e+01
6.492500000000001048e-02 -8.005337654939808090e+00 1.349651156388299711e+01 -5.266806401487400535e-01 4.323239201523625752e+01 4.011902194728235571e+01
6.740000000000001545e-02 -8.311061089127861123e+00 1.400726996499200183e+01 -5.546386118628845452e-01 4.759280888620443051e+01 4.180012548301171904e+01
6.987500000000000655e-02 -8.609650130527938927e+00 1.451980840434248421e+01 -5.819087089175809524e-01 5.212090799427769383e+01 4.347857765944151964e+01
7.234999999999999765e-02 -8.900970177720637366e+00 1.503395551974088562e+01 -6.083553037060056567e-01 5.681458468596344602e+01 4.515143929244680265e+01
7.482500000000000262e-02 -9.184899888674294743e+00 1.554952332946393412e+01 -6.338433009052408806e-01 6.167175409028105548e+01 4.681559645404331604e+01
7.730000000000000759e-02 -9.461329731125147191e+00 1.606630746293061662e+01 -6.582381736006936990e-01 6.669035068323778148e+01 4.846775378174556437e+01
7.977500000000001257e-02 -9.730160732848730731e+00 1.658408728470171312e+01 -6.814059951003770266e-01 7.186832804976094735e+01 5.010442780212008529e+01
8.225000000000001754e-02 -9.991303398700665639e+00 1.710262593204372550e+01 -7.032134669542102756e-01 7.720365878293134188e+01 5.172194036938314099e+01
8.472499999999999476e-02 -1.024467676768006186e+01 1.762167028299328564e+01 -7.235279436137460607e-01 8.269433454244330051e+01 5.331641232187069335e+01
8.719999999999999973e-02 -1.049020758819870025e+01 1.814095086956023195e+01 -7.422174541139696657e-01 8.833836609574763088e+01 5.488375746318769899e+01
8.967500000000000471e-02 -1.072782959365838451e+01 1.866018174875314628e+01 -7.591507211055841253e-01 9.413378334685803850e+01 5.641967698104055273e+01
9.215000000000000968e-02 -1.095748286366176671e+01 1.917906034286625072e+01 -7.741971775250533483e-01 1.000786355270452077e+02 5.791965442063375491e+01
9.462500000000001465e-02 -1.117911325853719973e+01 1.969726725926910760e+01 -7.872269811623056057e-01 1.061709912290482123e+02 5.937895134288542209e+01
9.710000000000001963e-02 -1.139267191706039739e+01 2.021446609943968298e+01 -7.981110273480425121e-01 1.124089384144426162e+02 6.079260380165591471e+01
9.957499999999999685e-02 -1.159811480877704071e+01 2.073030326619734609e+01 -8.067209599664550979e-01 1.187905844274445855e+02 6.215541978040827331e+01
1.020500000000000018e-01 -1.179540233376064862e+01 2.124440777795008373e+01 -8.129291809723753204e-01 1.253140559609346667e+02 6.346197774868946340e+01
1.045250000000000068e-01 -1.198449896369800172e+01 2.175639109848874853e+01 -8.166088585791868582e-01 1.319774989355684625e+02 6.470662649481872108e+01
1.070000000000000118e-01 -1.216537291912925411e+01 2.226584699073602991e+01 -8.176339342647622743e-01 1.387790782670976455e+02 6.588348641062137290e+01
1.094750000000000167e-01 -1.233799587844885082e+01 2.277235140295160321e+01 -8.158791287306428330e-01 1.457169776840673876e+02 6.698645240672389889e+01
1.119500000000000217e-01 -1.250234271485840054e+01 2.327546239581567988e+01 -8.112199469343721603e-01 1.527893993860445789e+02 6.800919865014419941e+01
1.144249999999999989e-01 -1.265839125803893239e+01 2.377472011909932803e+01 -8.035326823195987345e-01 1.599945636207319239e+02 6.894518531957191954e+01
1.169000000000000039e-01 -1.280612207773515365e+01 2.426964684656764248e+01 -7.926944203261285793e-01 1.673307082825790815e+02 6.978766757775639462e+01
1.193750000000000089e-01 -1.294551828681585448e+01 2.475974707806680541e+01 -7.785830412959313662e-01 1.747960883515449950e+02 7.052970697182927040e+01
1.218500000000000139e-01 -1.307656536170293293e+01 2.524450771780130509e+01 -7.610772228507869386e-01 1.823889752981459651e+02 7.116418546808699830e+01
1.243250000000000188e-01 -1.319925097833845484e+01 2.572339833799576780e+01 -7.400564418243931186e-01 1.901076564710384957e+02 7.168382233127348968e+01
1.268000000000000238e-01 -1.331356486206118461e+01 2.619587153719886530e+01 -7.154009758247639184e-01 1.979504343157482253e+02 7.208119404831147392e+01
1.292750000000000010e-01 -1.341949865000628961e+01 2.666136340250455561e+01 -6.869919044943628705e-01 2.059156256260353643e+02 7.234875750190289523e+01
1.317500000000000060e-01 -1.351704576477288811e+01 2.711929408508623141e+01 -6.547111105310818857e-01 2.140015607325942426e+02 7.247887657815530815e+01
1.342250000000000110e-01 -1.360620129826725133e+01 2.756906849817025673e+01 -6.184412805302059724e-01 2.222065825786400808e+02 7.246385237629552023e+01
1.367000000000000159e-01 -1.368696190476441643e+01 2.801007714651955638e+01 -5.780659056526360473e-01 2.305290457941103455e+02 7.229595718778834623e+01
1.391750000000000209e-01 -1.375932570231759655e+01 2.844169709626719111e+01 -5.334692824041553649e-01 2.389673157064001998e+02 7.196747234219030531e+01
1.416500000000000259e-01 -1.382329218176994345e+01 2.886329309309483193e+01 -4.845365130688605859e-01 2.475197673972858183e+02 7.147073004588357037e+01
1.441250000000000309e-01 -1.387886212267289920e+01 2.927421883700639427e+01 -4.311535064269662598e-01 2.561847845645212374e+02 7.079815926249786173e+01
1.466000000000000081e-01 -1.392603751551303048e+01 2.967381842029775640e+01 -3.732069784039424576e-01 2.649607583594674338e+02 6.994233562497451828e+01
1.490750000000000131e-01 -1.396482148971915649e+01 3.006142793510466760e+01 -3.105844528242585056e-01 2.738460864696458543e+02 6.889603537504255826e+01
1.515500000000000180e-01 -1.399521824693624694e+01 3.043637725557410079e+01 -2.431742622851515989e-01 2.828391718631913818e+02 6.765229321046345490e+01
1.540250000000000230e-01 -1.401723299914237941e+01 3.079799199843205315e+01 -1.708655491783304115e-01 2.919384215053960361e+02 6.620446388577904884e+01
1.565000000000000280e-01 -1.403087191123040611e+01 3.114559566434887827e+01 -9.354826688348794050e-02 3.011422453939880484e+02 6.454628733124647511e+01
1.589750000000000330e-01 -1.403614204766745388e+01 3.147851196071037094e+01 -1.111318116156212454e-02 3.104490552919326660e+02 6.267195698275087778e+01
1.614500000000000102e-01 -1.403305132293098723e+01 3.179606730467936515e+01 7.654812823315637615e-02 3.198572634138333228e+02 6.057619092604349476e+01
1.639250000000000151e-01 -1.402160845542971401e+01 3.209759350315677295e+01 1.695432657038793423e-01 3.293652813232278049e+02 5.825430536501608714e+01
1.664000000000000201e-01 -1.400182292463603062e+01 3.238243060406797014e+01 2.679790177060397127e-01 3.389715187488390029e+02 5.570228986040305585e+01
1.688750000000000251e-01 -1.397370493119376533e+01 3.264992991102735687e+01 3.719613503756704631e-01 3.486743823168054632e+02 5.291688365730509247e+01
1.713500000000000301e-01 -1.393726535977816638e+01 3.289945715053460873e+01 4.815954068733105942e-01 3.584722743320473342e+02 4.989565233489939544e+01
1.738250000000000073e-01 -1.389251574451577653e+01 3.313039577827325388e+01 5.969855044412781808e-01 3.683635916873669771e+02 4.663706395043973885e+01
1.763000000000000123e-01 -1.383946823676865279e+01 3.334215040822611087e+01 7.182351311587353848e-01 3.783467246162001061e+02 4.314056373065049854e+01
1.787750000000000172e-01 -1.377813557512070020e+01 3.353415034523623461e+01 8.454469423933232974e-01 3.884200555352040283e+02 3.940664628251637680e+01
1.812500000000000222e-01 -1.370853105741832678e+01 3.370585319869542928e+01 9.787227569447622955e-01 3.985819579706256945e+02 3.543692425219365560e+01
1.837250000000000272e-01 -1.363066851470341589e+01 3.385674855222172397e+01 1.118163552873710387e+00 4.088307953827015240e+02 3.123419228373826684e+01
1.862000000000000322e-01 -1.354456228693516096e+01 3.398636166117015023e+01 1.263869463022473383e+00 4.191649201539099181e+02 2.680248508029261956e+01
1.886750000000000094e-01 -1.345022720035035491e+01 3.409425714718672396e+01 1.415939770221598337e+00 4.295826725113241196e+02 2.214712838192240696e+01
1.911500000000000143e-01 -1.334767854637607343e+01 3.418004265669245711e+01 1.574472902188404078e+00 4.400823794548913952e+02 1.727478161739489337e+01
1.936250000000000193e-01 -1.323693206197197014e+01 3.424337244757229115e+01 1.739566426121513132e+00 4.506623538793866715e+02 1.219347105856340896e+01
1.961000000000000243e-01 -1.311800391132351251e+01 3.428395086713341300e+01 1.911317042997012550e+00 4.613208936340449782e+02 6.912612332882912547e+00
1.985750000000000293e-01 -1.299091066877417688e+01 3.430153568239767026e+01 2.089820581568858415e+00 4.720562805431381435e+02 1.443021194482841052e+00
2.010500000000000342e-01 -1.285566930294305621e+01 3.429594122327540617e+01 2.275171992091031825e+00 4.828667796543195436e+02 -4.203088367189788066e+00
2.035250000000000115e-01 -1.271229716192135584e+01 3.426704129888181427e+01 2.467465339759996823e+00 4.937506383958474316e+02 -1.001211956627273558e+01
2.060000000000000164e-01 -1.256081195949843732e+01 3.421477184710859376e+01 2.666793797897668128e+00 5.047060858283444986e+02 -1.596912245415078324e+01
2.084750000000000214e-01 -1.240123176233771574e+01 3.413913327922477947e+01 2.873249640880317202e+00 5.157313320256065481e+02 -2.205783827014025889e+01
2.109500000000000264e-01 -1.223357497804204286e+01 3.404019248197737113e+01 3.086924236830526524e+00 5.268245673330949330e+02 -2.826075876842552503e+01
2.134250000000000314e-01 -1.205786034405264218e+01 3.391808444315982740e+01 3.307908040083560763e+00 5.379839618716592895e+02 -3.455920057342294172e+01
2.159000000000000363e-01 -1.187410691732509349e+01 3.377301346852464548e+01 3.536290583445946822e+00 5.492076650101532778e+02 -4.093339441791237476e+01
2.183750000000000135e-01 -1.168233406472518254e+01 3.360525396243006924e+01 3.772160470258683063e+00 5.604938048198937395e+02 -4.736258873596310082e+01
2.208500000000000185e-01 -1.148256145410891804e+01 3.341515074882532588e+01 4.015605366285967648e+00 5.718404877933951411e+02 -5.382516694980137117e+01
2.233250000000000235e-01 -1.127480904602577994e+01 3.320311891390313974e+01 4.266711991443600027e+00 5.832457985245930558e+02 -6.029877747231010687e+01
2.258000000000000285e-01 -1.105909708601291186e+01 3.296964315751529995e+01 4.525566111388144463e+00 5.947077993320821179e+02 -6.676047513808522638e+01
2.282750000000000334e-01 -1.083544609743307774e+01 3.271527664650791678e+01 4.792252528983595994e+00 6.062245300927064591e+02 -7.318687262588072429e+01
2.307500000000000384e-01 -1.060387687482693764e+01 3.244063936895894074e+01 5.066855075666239827e+00 6.177940081707226909e+02 -7.955430018790133317e+01
2.332250000000000156e-01 -1.036441047773053015e+01 3.214641599511014647e+01 5.349456602728537291e+00 6.294142283459059399e+02 -8.583897172182687996e+01
2.357000000000000206e-01 -1.011706822493783875e+01 3.183335325751713896e+01 5.640138972542047213e+00 6.410831627659740661e+02 -9.201715519906238683e+01
2.381750000000000256e-01 -9.861871689161944232e+00 3.150225686876965625e+01 5.938983049738538966e+00 6.527987609978780483e+02 -9.806534527027201875e+01
2.406500000000000306e-01 -9.598842692081575478e+00 3.115398800215469777e+01 6.246068692375587261e+00 6.645589502790373899e+02 -1.039604357606523450e+02
2.431250000000000355e-01 -9.328003299724855424e+00 3.078945936615142642e+01 6.561474743101854301e+00 6.763616355876332591e+02 -1.096798898147082042e+02
2.456000000000000405e-01 -9.049375818179100861e+00 3.040963090932480029e+01 6.885279020349287293e+00 6.882047000431782635e+02 -1.152019054003247476e+02
2.480750000000000177e-01 -8.762982789594730093e+00 3.001550519713458698e+01 7.217558309571984410e+00 7.000860052506204738e+02 -1.205055740068144559e+02
2.505499999999999949e-01 -8.468846988449058699e+00 2.960812250617558661e+01 7.558388354551937027e+00 7.120033915370629529e+02 -1.255710304046385914e+02
2.530249999999999999e-01 -8.166991418072825581e+00 2.918855568538980805e+01 7.907843848799018360e+00 7.239546786311206006e+02 -1.303795915744892682e+02
2.555000000000000049e-01 -7.857439307383174310e+00 2.875790483559794097e+01 8.265998427126135084e+00 7.359376661436617724e+02 -1.349138830614561755e+02
2.579750000000000099e-01 -7.540214107835936375e+00 2.831729186131386555e+01 8.632924657092360121e+00 7.479501340965291547e+02 -1.391579512280767688e+02
2.604500000000000148e-01 -7.215339490547648893e+00 2.786785494887897130e+01 9.008694031063384955e+00 7.599898437336889856e+02 -1.430973601534996931e+02
2.629250000000000198e-01 -6.882839343598220694e+00 2.741074302563225729e+01 9.393376958047298331e+00 7.720545382632850533e+02 -1.467192722194039050e+02
2.654000000000000248e-01 -6.542737769461609787e+00 2.694711025300745888e+01 9.787042755906185221e+00 7.841419433767202918e+02 -1.500125117081672101e+02
2.678750000000000298e-01 -6.195059082588272759e+00 2.647811060544206541e+01 1.018975964376173238e+01 7.962497684297072738e+02 -1.529676109766583636e+02
2.703500000000000347e-01 -5.839827807088681766e+00 2.600489258390251379e+01 1.060159473463764357e+01 8.083757073043549326e+02 -1.555768391484630229e+02
2.728250000000000397e-01 -5.477068674519273372e+00 2.552859410980691024e+01 1.102261402836336401e+01 8.205174391187584888e+02 -1.578342135345938573e+02
2.753000000000000447e-01 -5.106806621761393217e+00 2.505033764087280801e+01 1.145288240476088504e+01 8.326726295935799271e+02 -1.597354941830865869e+02
2.777750000000000496e-01 -4.729066788964018997e+00 2.457122554677714987e+01 1.189246361712815769e+01 8.448389318603741458e+02 -1.612781623424673683e+02
2.802500000000000546e-01 -4.343874517551853387e+00 2.409233577653990466e+01 1.234142028604259167e+01 8.570139876051752026e+02 -1.624613837324817496e+02
2.827250000000000041e-01 -3.951255348284462343e+00 2.361471784594363754e+01 1.279981389349887877e+01 8.691954285028625691e+02 -1.632859577201415675e+02
2.852000000000000091e-01 -3.551235019345085675e+00 2.313938916680171332e+01 1.326770477739916032e+01 8.813808770884576234e+02 -1.637542537889127345e+02
2.876750000000000140e-01 -3.143839464462416800e+00 2.266733173531353174e+01 1.374515212641210837e+01 8.935679480607229834e+02 -1.638701366037532523e+02
2.901500000000000190e-01 -2.729094811050345015e+00 2.219948919149557298e+01 1.423221397521700737e+01 9.057542497715207901e+02 -1.636388812356539120e+02
2.926250000000000240e-01 -2.307027378350994695e+00 2.173676425628947584e+01 1.472894720014460290e+01 9.179373853298012591e+02 -1.630670801026952574e+02
2.951000000000000290e-01 -1.877663675582084579e+00 2.128001654845602530e+01 1.523540751523159997e+01 9.301149539984592138e+02 -1.621625431687607772e+02
2.975750000000000339e-01 -1.441030400074396312e+00 2.083006077872778050e+01 1.575164946870040694e+01 9.422845526079559022e+02 -1.609341930495901067e+02
3.000500000000000389e-01 -9.971544353933268212e-01 2.038766531420642991e+01 1.627772643987589163e+01 9.544437769698765806e+02 -1.593919564748543962e+02
3.025250000000000439e-01 -5.460628494402044453e-01 1.995355110306202562e+01 1.681369063654989304e+01 9.665902232476341851e+02 -1.575466536045393582e+02
3.050000000000000488e-01 -8.778289252052218217e-02 1.952839094531958963e+01 1.735959309280389107e+01 9.787214893952295824e+02 -1.554098866754146968e+02
3.074750000000000538e-01 3.776580046143180880e-01 1.911280909317863319e+01 1.791548366730035013e+01 9.908351767399948358e+02 -1.529939291192172846e+02
3.099500000000000588e-01 8.502322327750562181e-01 1.870738116225849978e+01 1.848141104204671592e+01 1.002928891178215963e+03 -1.503116164376766619e+02
3.124250000000000083e-01 1.329912006377071521e+00 1.831263433233925753e+01 1.905742272164502538e+01 1.015000244842280949e+03 -1.473762398770024049e+02
3.149000000000000132e-01 1.816669365535858560e+00 1.792904781570476302e+01 1.964356503302803958e+01 1.027046857737733490e+03 -1.442014437439790697e+02
3.173750000000000182e-01 2.310476178216617882e+00 1.755705356962866404e+01 2.023988312568849324e+01 1.039066358971624140e+03 -1.408011272457598011e+02
3.198500000000000232e-01 2.811304142436711118e+00 1.719703722899974707e+01 2.084642097240754310e+01 1.051056388181108105e+03 -1.371893514672270555e+02
3.223250000000000282e-01 3.319124788528824865e+00 1.684933923503142950e+01 2.146322137048218792e+01 1.063014597240452076e+03 -1.333802519841154322e+02
3.248000000000000331e-01 3.833909481461091673e+00 1.651425613608486032e+01 2.209032594345825373e+01 1.074938651796460363e+03 -1.293879575558919441e+02
3.272750000000000381e-01 4.355629423230425346e+00 1.619204203685648480e+01 2.272777514336110016e+01 1.086826232371909555e+03 -1.252265151745961305e+02
3.297500000000000431e-01 4.884255655310653310e+00 1.588291017309323649e+01 2.337560825343803117e+01 1.098675036132648074e+03 -1.209098216126273257e+02
3.322250000000000481e-01 5.419759061173976988e+00 1.558703458981831957e+01 2.403386339139615302e+01 1.110482778290344868e+03 -1.164515615468631893e+02
3.347000000000000530e-01 5.962110368881440081e+00 1.530455190218549433e+01 2.470257751314539973e+01 1.122247193280146121e+03 -1.118651522879447384e+02
3.371750000000000580e-01 6.511280153736151988e+00 1.503556311902325149e+01 2.538178641703871108e+01 1.133966036509239757e+03 -1.071636949771643259e+02
3.396500000000000075e-01 7.067238841013477213e+00 1.478013551095743949e+01 2.607152474860555458e+01 1.145637085537237226e+03 -1.023599320713898493e+02
3.421250000000000124e-01 7.629956708756935768e+00 1.453830450598691471e+01 2.677182600577543781e+01 1.157258141344657815e+03 -9.746621096609382562e+01
3.446000000000000174e-01 8.199403890644134663e+00 1.431007559690831954e+01 2.748272254458629504e+01 1.168827029807335293e+03 -9.249445339758179330e+01
3.470750000000000224e-01 8.775550378923298922e+00 1.409542624682844192e+01 2.820424558536996074e+01 1.180341602955614235e+03 -8.745613038113977211e+01
3.495500000000000274e-01 9.358366027417559962e+00 1.389430777978268239e+01 2.893642521940893175e+01 1.191799740174976932e+03 -8.236224234987470538e+01
3.520250000000000323e-01 9.947820554599047682e+00 1.370664724560603176e+01 2.967929041605441398e+01 1.203199349527181766e+03 -7.722330409685272912e+01
3.545000000000000373e-01 1.054388354672698824e+01 1.353234924911069115e+01 3.043286903030036683e+01 1.214538368812470935e+03 -7.204933420549436107e+01
3.569750000000000423e-01 1.114652446105753825e+01 1.337129773519964004e+01 3.119718781079996006e+01 1.225814766657105565e+03 -6.684984854250069475e+01
3.594500000000000473e-01 1.175571262910796122e+01 1.322335772282698585e+01 3.197227240831983863e+01 1.237026543974488959e+03 -6.163385746120715680e+01
3.619250000000000522e-01 1.237141725999526898e+01 1.308837698179585018e+01 3.275814738461474462e+01 1.248171734545150684e+03 -5.640986639878148878e+01
3.644000000000000572e-01 1.299360744382761368e+01 1.296618764737491603e+01 3.355483622171675506e+01 1.259248406287943681e+03 -5.118587941512642914e+01
3.668750000000000622e-01 1.362225215515411492e+01 1.285660776929596238e+01 3.436236133162668693e+01 1.270254662511458037e+03 -4.596940537083346356e+01
3.693500000000000116e-01 1.425732025648107992e+01 1.275944279187406494e+01 3.518074406639004792e+01 1.281188642208896226e+03 -4.076746643395899383e+01
3.718250000000000166e-01 1.489878050183017422e+01 1.267448696351274506e+01 3.601000472855298540e+01 1.292048521316395863e+03 -3.558660855330207085e+01
3.743000000000000216e-01 1.554660154035730102e+01 1.260152467417636046e+01 3.685016258197987327e+01 1.302832513541432263e+03 -3.043291366171654744e+01
3.767750000000000266e-01 1.620075192001741016e+01 1.254033172028049137e+01 3.770123586301525620e+01 1.313538871170198945e+03 -2.531201325847150585e+01
3.792500000000000315e-01 1.686120009127603225e+01 1.249067649721006035e+01 3.856324179198321644e+01 1.324165885827326747e+03 -2.022910315459458630e+01
3.817250000000000365e-01 1.752791441087060775e+01 1.245232111987157708e+01 3.943619658501336289e+01 1.334711888779858100e+03 -1.518895918908813059e+01
3.842000000000000415e-01 1.820086314560421670e+01 1.242502247229160872e+01 4.032011546616445230e+01 1.345175251987918045e+03 -1.019595361815682111e+01
3.866750000000000465e-01 1.888001447618512429e+01 1.240853318788313686e+01 4.121501267984262995e+01 1.355554388650751662e+03 -5.254072016024913694e+00
3.891500000000000514e-01 1.956533650109929567e+01 1.240260256196267363e+01 4.212090150349382611e+01 1.365847753579339951e+03 -3.669305601313074261e-01
3.916250000000000564e-01 2.025679724051565245e+01 1.240697739853656856e+01 4.303779426056036073e+01 1.376053843751773911e+03 4.462206536289318848e+00
3.941000000000000614e-01 2.095436464022247947e+01 1.242140279377851186e+01 4.396570233367970104e+01 1.386171198719556060e+03 9.230409528193501245e+00
3.965750000000000663e-01 2.165800657558770581e+01 1.244562285837295335e+01 4.490463617811627728e+01 1.396198401040096996e+03 1.393506571146491346e+01
3.990500000000000158e-01 2.236769085554658432e+01 1.247938138149563159e+01 4.585460533540646111e+01 1.406134076530789343e+03 1.857386216786177613e+01
4.015250000000000208e-01 2.308338522660562830e+01 1.252242243881894268e+01 4.681561844720368981e+01 1.415976894719656912e+03 2.314476879260802278e+01
4.040000000000000258e-01 2.380505737686780776e+01 1.257449094754457875e+01 4.778768326930793364e+01 1.425725568818353622e+03 2.764602166173246189e+01
4.064750000000000307e-01 2.453267494007059213e+01 1.263533317085324725e+01 4.877080668586245338e+01 1.435378856133718728e+03 3.207610680275810466e+01
4.089500000000000357e-01 2.526620549963195117e+01 1.270469717480222371e+01 4.976499472370710464e+01 1.444935558188990854e+03 3.643374442799645863e+01
4.114250000000000407e-01 2.600561659271397730e+01 1.278233324007000604e+01 5.077025256686511057e+01 1.454394520442810290e+03 4.071787367229439525e+01
4.139000000000000457e-01 2.675087571427695821e+01 1.286799423151799360e+01 5.178658457115909641e+01 1.463754633006641825e+03 4.492763788333601127e+01
4.163750000000000506e-01 2.750195032115038885e+01 1.296143592793544386e+01 5.281399427893097709e+01 1.473014830219916576e+03 4.906237045606834357e+01
4.188500000000000556e-01 2.825880783609397895e+01 1.306241731468223932e+01 5.385248443385717110e+01 1.482174090428790123e+03 5.312158125108152262e+01
4.213250000000000606e-01 2.902141565185706895e+01 1.317070084154242693e+01 5.490205699584504373e+01 1.491231436339539187e+03 5.710494362746187136e+01
4.238000000000000655e-01 2.978974113523202050e+01 1.328605264841584699e+01 5.596271315599170748e+01 1.500185934655416986e+03 6.101228204667012989e+01
4.262750000000000150e-01 3.056375163109737514e+01 1.340824276078972588e+01 5.703445335159665319e+01 1.509036695930205042e+03 6.484356027685869606e+01
4.287500000000000200e-01 3.134341446644850748e+01 1.353704525754567101e+01 5.811727728121155678e+01 1.517782874395400768e+03 6.859887022048512506e+01
4.312250000000000250e-01 3.212869695441361273e+01 1.367223841295019326e+01 5.921118391971316441e+01 1.526423667590640207e+03 7.227842129745054933e+01
4.337000000000000299e-01 3.291956639825104958e+01 1.381360481494794001e+01 6.031617153343535165e+01 1.534958316346435367e+03 7.588253043252987595e+01
4.361750000000000349e-01 3.371599009532576474e+01 1.396093146163286391e+01 6.143223769510831289e+01 1.543386104323695008e+03 7.941161258110338395e+01
4.386500000000000399e-01 3.451793534106673178e+01 1.411400983760815819e+01 6.255937929911533502e+01 1.551706357424667203e+03 8.286617181749967642e+01
4.411250000000000449e-01 3.532536943289130704e+01 1.427263597206002643e+01 6.369759257643249839e+01 1.559918443889292348e+03 8.624679296678678497e+01
4.436000000000000498e-01 3.613825967410957674e+01 1.443661048004555880e+01 6.484687310966018003e+01 1.568021773520672923e+03 8.955413373986490910e+01
4.460750000000000548e-01 3.695657337779391582e+01 1.460573858854058926e+01 6.600721584798606045e+01 1.576015797291665422e+03 9.278891736395220846e+01
4.485500000000000598e-01 3.778027787061569143e+01 1.477983014860022237e+01 6.717861512208764907e+01 1.583900007153825982e+03 9.595192568594630700e+01
4.510250000000000647e-01 3.860934049665183920e+01 1.495869963498315158e+01 6.836106465896483542e+01 1.591673935043587790e+03 9.904399274550523558e+01
4.535000000000000697e-01 3.944372862114914824e+01 1.514216613447702287e+01 6.955455759669439431e+01 1.599337152809619965e+03 1.020659987808226390e+02
4.559750000000000192e-01 4.028340963425262089e+01 1.533005332404237109e+01 7.075908649909627002e+01 1.606889271520937427e+03 1.050188646373653967e+02
4.584500000000000242e-01 4.112835095469563385e+01 1.552218943981536725e+01 7.197464337029913395e+01 1.614329940714764689e+03 1.079035465712684640e+02
4.609250000000000291e-01 4.197852003344030436e+01 1.571840723797539141e+01 7.320121966920208934e+01 1.621658848273144486e+03 1.107210314499031654e+02
4.634000000000000341e-01 4.283388435728375043e+01 1.591854394844983034e+01 7.443880632381882378e+01 1.628875719204488178e+03 1.134723322951589211e+02
4.658750000000000391e-01 4.369441145240978130e+01 1.612244122219423659e+01 7.568739374549943477e+01 1.635980315279140541e+03 1.161584841455062218e+02
4.683500000000000441e-01 4.456006888789659115e+01 1.632994507287180141e+01 7.694697184302305004e+01 1.642972434879164894e+03 1.187805402479960577e+02
4.708250000000000490e-01 4.543082427917693167e+01 1.654090581365189294e+01 7.821753003654879421e+01 1.649851911542495145e+03 1.213395685712665966e+02
4.733000000000000540e-01 4.630664529144746666e+01 1.675517798986344431e+01 7.949905727142493106e+01 1.656618613550857845e+03 1.238366485609155632e+02
4.757750000000000590e-01 4.718749964302185163e+01 1.697262030789552512e+01 8.079154203184708649e+01 1.663272443671516385e+03 1.262728681772968713e+02
4.782500000000000639e-01 4.807335510863981654e+01 1.719309556117875104e+01 8.209497235435708262e+01 1.669813337871240492e+03 1.286493211760749489e+02
4.807250000000000689e-01 4.896417952271337981e+01 1.741647055345856643e+01 8.340933584118153021e+01 1.676241264995070878e+03 1.309671046279072186e+02
4.832000000000000739e-01 4.985994078252394957e+01 1.764261602014395436e+01 8.473461967340085721e+01 1.682556225950722364e+03 1.332273166624523810e+02
4.856750000000000234e-01 5.076060685136201300e+01 1.787140654785642369e+01 8.607081062394627224e+01 1.688758252692160113e+03 1.354310543749231783e+02
4.881500000000000283e-01 5.166614576160725392e+01 1.810272049272051476e+01 8.741789507042028617e+01 1.694847408116877659e+03 1.375794119703346894e+02
4.906250000000000333e-01 5.257652561775455524e+01 1.833643989775103122e+01 8.877585900773556205e+01 1.700823784987462886e+03 1.396734790650716320e+02
4.931000000000000383e-01 5.349171459938111184e+01 1.857245040957629811e+01 9.014468806056720496e+01 1.706687504808063977e+03 1.417143391356657389e+02
4.955750000000000433e-01 5.441168096405192500e+01 1.881064119479797725e+01 9.152436749561900342e+01 1.712438717674219333e+03 1.437030681316003609e+02
4.980500000000000482e-01 5.533639305016674825e+01 1.905090485626376307e+01 9.291488223369759680e+01 1.718077601402469327e+03 1.456407332634746865e+02
5.005249999999999977e-01 5.626581927974950759e+01 1.929313734957105453e+01 9.431621686159110141e+01 1.723604360598124913e+03 1.475283918593975727e+02
5.030000000000000027e-01 5.719992816117155598e+01 1.953723789970415936e+01 9.572835564375384365e+01 1.729019226178554618e+03 1.493670903855290533e+02
5.054750000000000076e-01 5.813868829182104037e+01 1.978310891843014829e+01 9.715128253378765066e+01 1.734322454170958281e+03 1.511578635817477050e+02
5.079500000000000126e-01 5.908206836070394274e+01 2.003065592217784285e+01 9.858498118572907742e+01 1.739514325181067761e+03 1.529017336641336726e+02
5.104250000000000176e-01 6.003003715098725479e+01 2.027978745085621526e+01 1.000294349651285302e+02 1.744595144331573238e+03 1.545997096682222605e+02
5.129000000000000226e-01 6.098256354247916988e+01 2.053041498756955718e+01 1.014846269599306652e+02 1.749565239653801882e+03 1.562527868549457537e+02
5.153750000000000275e-01 6.193961651405243174e+01 2.078245287942057473e+01 1.029505399911454333e+02 1.754424961080100275e+03 1.578619461995232598e+02
5.178500000000000325e-01 6.290116514599390030e+01 2.103581825941862604e+01 1.044271566233209114e+02 1.759174680906294952e+03 1.594281539603345266e+02
5.203250000000000375e-01 6.386717862230523224e+01 2.129043096966785598e+01 1.059144591748035964e+02 1.763814792458018928e+03 1.609523613208285724e+02
5.228000000000000425e-01 6.483762623293409888e+01 2.154621348582398355e+01 1.074124297277977576e+02 1.768345708944784974e+03 1.624355040864127204e+02
5.252750000000000474e-01 6.581247737594594582e+01 2.180309084293216415e+01 1.089210501382161738e+02 1.772767863297180156e+03 1.638785024412703706e+02
5.277500000000000524e-01 6.679170155963311117e+01 2.206099056264678637e+01 1.104403020453278259e+02 1.777081707352776675e+03 1.652822607562642077e+02
5.302250000000000574e-01 6.777526840456380341e+01 2.231984258191432957e+01 1.119701668811982245e+02 1.781287711266778842e+03 1.666476674529576769e+02
5.327000000000000624e-01 6.876314764556877890e+01 2.257957918313314849e+01 1.135106258799253283e+02 1.785386362445959321e+03 1.679755949017668968e+02
5.351750000000000673e-01 6.975530913366969799e+01 2.284013492580003302e+01 1.150616600866737826e+02 1.789378165075188235e+03 1.692668993774086630e+02
5.376500000000000723e-01 7.075172283794074701e+01 2.310144657972814031e+01 1.166232503665036120e+02 1.793263639773459090e+03 1.705224210161554765e+02
5.401250000000000773e-01 7.175235884731978331e+01 2.336345305967273234e+01 1.181953774129984822e+02 1.797043322339150791e+03 1.717429838389482484e+02
5.426000000000000822e-01 7.275718737234967648e+01 2.362609536164763213e+01 1.197780217566947840e+02 1.800717763407442135e+03 1.729293957994522088e+02
5.450750000000000872e-01 7.376617874686814957e+01 2.388931650064047574e+01 1.213711637733090356e+02 1.804287528068573465e+03 1.740824488444769997e+02
5.475500000000000922e-01 7.477930342963361454e+01 2.415306144997196824e+01 1.229747836917701989e+02 1.807753194817807525e+03 1.752029190082564014e+02
5.500250000000000972e-01 7.579653200589814332e+01 2.441727708207344705e+01 1.245888616020549762e+02 1.811115354833390029e+03 1.762915665200367243e+02
5.525000000000001021e-01 7.681783518891597851e+01 2.468191211086567449e+01 1.262133774628301808e+02 1.814374611874666471e+03 1.773491359522016637e+02
5.549750000000001071e-01 7.784318382140099857e+01 2.494691703559586315e+01 1.278483111089027489e+02 1.817531581431576569e+03 1.783763563536882089e+02
5.574500000000000011e-01 7.887254887692483862e+01 2.521224408615028878e+01 1.294936422584808042e+02 1.820586890145056714e+03 1.793739414243173655e+02
5.599250000000000060e-01 7.990590146125907722e+01 2.547784716986820541e+01 1.311493505202447523e+02 1.823541175221517960e+03 1.803425896980888865e+02
5.624000000000000110e-01 8.094321281366558196e+01 2.574368181977862591e+01 1.328154154002352243e+02 1.826395083439834934e+03 1.812829847230080702e+02
5.648750000000000160e-01 8.198445430812569157e+01 2.600970514425114288e+01 1.344918163085584411e+02 1.829149271427729673e+03 1.821957952679259733e+02
5.673500000000000210e-01 8.302959745452221796e+01 2.627587577807396357e+01 1.361785325659078580e+02 1.831804404810784490e+03 1.830816755343431623e+02
5.698250000000000259e-01 8.407861389976574173e+01 2.654215383488596558e+01 1.378755434099109607e+02 1.834361157536747669e+03 1.839412653636252628e+02
5.723000000000000309e-01 8.513147542886804331e+01 2.680850086095025375e+01 1.395828280012982532e+02 1.836820211244885058e+03 1.847751904708252653e+02
5.747750000000000359e-01 8.618815396596733081e+01 2.707487979028848812e+01 1.413003654298992160e+02 1.839182254591753690e+03 1.855840626659293662e+02
5.772500000000000409e-01 8.724862157529537399e+01 2.734125490105078882e+01 1.430281347204711437e+02 1.841447983795300161e+03 1.863684800927894401e+02
5.797250000000000458e-01 8.831285046210336986e+01 2.760759177323019742e+01 1.447661148383544969e+02 1.843618101264098868e+03 1.871290274671650593e+02
5.822000000000000508e-01 8.938081297353437549e+01 2.787385724754407690e+01 1.465142846949686373e+02 1.845693314848677801e+03 1.878662762999041433e+02
5.846750000000000558e-01 9.045248159944571853e+01 2.814001938555387383e+01 1.482726231531428311e+02 1.847674338386609406e+03 1.885807851526956824e+02
5.871500000000000608e-01 9.152782897318775213e+01 2.840604743098265317e+01 1.500411090322882046e+02 1.849561890514947891e+03 1.892730998813808583e+02
5.896250000000000657e-01 9.260682787233417912e+01 2.867191177217446096e+01 1.518197211134130384e+02 1.851356694289657298e+03 1.899437538673872439e+02
5.921000000000000707e-01 9.368945121936440046e+01 2.893758390565925254e+01 1.536084381439853814e+02 1.853059477259689629e+03 1.905932682682003190e+02
5.945750000000000757e-01 9.477567208230561846e+01 2.920303640085632679e+01 1.554072388426427551e+02 1.854670970378308766e+03 1.912221522570187346e+02
5.970500000000000806e-01 9.586546367532605473e+01 2.946824286579730412e+01 1.572161019037562255e+02 1.856191908101737226e+03 1.918309032573520199e+02
5.995250000000000856e-01 9.695879935928678606e+01 2.973317791391993836e+01 1.590350060018482736e+02 1.857623027879230676e+03 1.924200071993109873e+02
6.020000000000000906e-01 9.805565264225310784e+01 2.999781713188939847e+01 1.608639297958668521e+02 1.858965069378351927e+03 1.929899387469532144e+02
6.044750000000000956e-01 9.915599717995860374e+01 3.026213704835926421e+01 1.627028519333242684e+02 1.860218775200123446e+03 1.935411615261032807e+02
6.069500000000001005e-01 1.002598067762351093e+02 3.052611510371299630e+01 1.645517510542949822e+02 1.861384889376258116e+03 1.940741283765871970e+02
6.094250000000001055e-01 1.013670553834003840e+02 3.078972962076452191e+01 1.664106057952815263e+02 1.862464157033520905e+03 1.945892815779599232e+02
6.119000000000001105e-01 1.024777171026014457e+02 3.105295977632018278e+01 1.682793947929515070e+02 1.863457325351601867e+03 1.950870530611399829e+02
6.143750000000000044e-01 1.035917661841294830e+02 3.131578557361772752e+01 1.701580966877439778e+02 1.864365141598460923e+03 1.955678646637254587e+02
6.168500000000000094e-01 1.047091770276895204e+02 3.157818781570189159e+01 1.720466901273524627e+02 1.865188353778753253e+03 1.960321283323698935e+02
6.193250000000000144e-01 1.058299241826337038e+02 3.184014807949178305e+01 1.739451537700845165e+02 1.865927710986257352e+03 1.964802463428868577e+02
6.218000000000000194e-01 1.069539823481675285e+02 3.210164869079294192e+01 1.758534662881027089e+02 1.866583961144385739e+03 1.969126115212147283e+02
6.242750000000000243e-01 1.080813263735099099e+02 3.236267269996461238e+01 1.777716063705822762e+02 1.867157852157546358e+03 1.973296074737286574e+02
6.267500000000000293e-01 1.092119312580250607e+02 3.262320385851814564e+01 1.796995527265894452e+02 1.867650131981547247e+03 1.977316087737218027e+02
6.292250000000000343e-01 1.103457721513227625e+02 3.288322659621773170e+01 1.816372840881705315e+02 1.868061547010624963e+03 1.981189811460383510e+02
6.317000000000000393e-01 1.114828243533215755e+02 3.314272599907353367e+01 1.835847792130191465e+02 1.868392842558435632e+03 1.984920817265116852e+02
6.341750000000000442e-01 1.126230633142831721e+02 3.340168778799981908e+01 1.855420168871905844e+02 1.868644763010733868e+03 1.988512592199120093e+02
6.366500000000000492e-01 1.137664646348152928e+02 3.366009829806490927e+01 1.875089759276816039e+02 1.868818051106638222e+03 1.991968541045638403e+02
6.391250000000000542e-01 1.149130040658458256e+02 3.391794445849778583e+01 1.894856351849102793e+02 1.868913447710318906e+03 1.995291988263478800e+02
6.416000000000000592e-01 1.160626575085655077e+02 3.417521377322778875e+01 1.914719735450987628e+02 1.868931691522910796e+03 1.998486179796465478e+02
6.440750000000000641e-01 1.172154010143449341e+02 3.443189430211751301e+01 1.934679699325579350e+02 1.868873519040902920e+03 2.001554284992646160e+02
6.465500000000000691e-01 1.183712107846195067e+02 3.468797464272868325e+01 1.954736033118825844e+02 1.868739664832176459e+03 2.004499398329456028e+02
6.490250000000000741e-01 1.195300631707534649e+02 3.494344391270348638e+01 1.974888526900504075e+02 1.868530860441170489e+03 2.007324541190288301e+02
6.515000000000000790e-01 1.206919346738734475e+02 3.519829173266573719e+01 1.995136971184388130e+02 1.868247834377219306e+03 2.010032663635995220e+02
6.539750000000000840e-01 1.218568019446765902e+02 3.545250820971030237e+01 2.015481156947512318e+02 1.867891312971150910e+03 2.012626646054480659e+02
6.564500000000000890e-01 1.230246417832165662e+02 3.570608392135642362e+01 2.035920875648615720e+02 1.867462018956343172e+03 2.015109300777876342e+02
6.589250000000000940e-01 1.241954311386655263e+02 3.595900990005739573e+01 2.056455919245771611e+02 1.866960671361001459e+03 2.017483373743891946e+02
6.614000000000000989e-01 1.253691471090473897e+02 3.621127761816219248e+01 2.077086080213233572e+02 1.866387986589314096e+03 2.019751546115384997e+02
6.638750000000001039e-01 1.265457669409568098e+02 3.646287897340036466e+01 2.097811151557494895e+02 1.865744677517393029e+03 2.021916435773938190e+02
6.663500000000001089e-01 1.277252680292504010e+02 3.671380627476577274e+01 2.118630926832626074e+02 1.865031452471345347e+03 2.023980598732633780e+02
6.688250000000001139e-01 1.289076279167204575e+02 3.696405222888304820e+01 2.139545200154839222e+02 1.864249016247656527e+03 2.025946530794649902e+02
6.713000000000000078e-01 1.300928242937413870e+02 3.721360992681393753e+01 2.160553766216432905e+02 1.863398070406712122e+03 2.027816668931004074e+02
6.737750000000000128e-01 1.312808349979084142e+02 3.746247283125696015e+01 2.181656420298944568e+02 1.862479311601053269e+03 2.029593392619356962e+02
6.762500000000000178e-01 1.324716380136439966e+02 3.771063476415903892e+01 2.202852958285747036e+02 1.861493432260021791e+03 2.031279025294076632e+02
6.787250000000000227e-01 1.336652114717942368e+02 3.795808989472982375e+01 2.224143176673904918e+02 1.860441121434438855e+03 2.032875835622253362e+02
6.812000000000000277e-01 1.348615336492034658e+02 3.820483272780804640e+01 2.245526872585481897e+02 1.859323062923542921e+03 2.034386038957998721e+02
6.836750000000000327e-01 1.360605829682763215e+02 3.845085809265711418e+01 2.267003843778177270e+02 1.858139935874807179e+03 2.035811798448129650e+02
6.861500000000000377e-01 1.372623379965118602e+02 3.869616113201171004e+01 2.288573888655446353e+02 1.856892415885277842e+03 2.037155226355552315e+02
6.886250000000000426e-01 1.384667774460383498e+02 3.894073729159126174e+01 2.310236806275972867e+02 1.855581173097499459e+03 2.038418385393212304e+02
6.911000000000000476e-01 1.396738801731162312e+02 3.918458230985143587e+01 2.331992396362654745e+02 1.854206872911161099e+03 2.039603289577988505e+02
6.935750000000000526e-01 1.408836251776369863e+02 3.942769220807277009e+01 2.353840459311013547e+02 1.852770176382555064e+03 2.040711905842216254e+02
6.960500000000000576e-01 1.420959916026019982e+02 3.967006328085524558e+01 2.375780796197109339e+02 1.851271739154185752e+03 2.041746154998497786e+02
6.985250000000000625e-01 1.433109587335904962e+02 3.991169208678083891e+01 2.397813208784940571e+02 1.849712212296662528e+03 2.042707912567631183e+02
7.010000000000000675e-01 1.445285059982106759e+02 4.015257543943748431e+01 2.419937499533371010e+02 1.848092242003138836e+03 2.043599010317537648e+02
7.034750000000000725e-01 1.457486129655439981e+02 4.039271039876713587e+01 2.442153471602299533e+02 1.846412468957820238e+03 2.044421236868356857e+02
7.059500000000000774e-01 1.469712593455692513e+02 4.063209426254176293e+01 2.464460928859837168e+02 1.844673529036750779e+03 2.045176339080804553e+02
7.084250000000000824e-01 1.481964249885820664e+02 4.087072455833698115e+01 2.486859675885907563e+02 1.842876053110398061e+03 2.045866023129245548e+02
7.109000000000000874e-01 1.494240898845980610e+02 4.110859903554712957e+01 2.509349517978855602e+02 1.841020666531105007e+03 2.046491954951123660e+02
7.133750000000000924e-01 1.506542341627487076e+02 4.134571565774187007e+01 2.531930261159739075e+02 1.839107989493425976e+03 2.047055761650457555e+02
7.158500000000000973e-01 1.518868380906628772e+02 4.158207259527704025e+01 2.554601712176664705e+02 1.837138637088353789e+03 2.047559032379189148e+02
7.183250000000001023e-01 1.531218820738431532e+02 4.181766821811424961e+01 2.577363678508698968e+02 1.835113219287318543e+03 2.048003319109036795e+02
7.208000000000001073e-01 1.543593466550280482e+02 4.205250108886001215e+01 2.600215968369493567e+02 1.833032340184533723e+03 2.048390137626131775e+02
7.232750000000001123e-01 1.555992125135505830e+02 4.228656995605586388e+01 2.623158390710444792e+02 1.830896598650352871e+03 2.048720968344881328e+02
7.257500000000001172e-01 1.568414604646791304e+02 4.251987374763697858e+01 2.646190755223619817e+02 1.828706589243149438e+03 2.048997257169570787e+02
7.282250000000000112e-01 1.580860714589634881e+02 4.275241156464419134e+01 2.669312872344261223e+02 1.826462899830859897e+03 2.049220416349704408e+02
7.307000000000000162e-01 1.593330265815609437e+02 4.298418267509441648e+01 2.692524553253005024e+02 1.824166112808449725e+03 2.049391825203660744e+02
7.331750000000000211e-01 1.605823070515591553e+02 4.321518650806639528e+01 2.715825609877825855e+02 1.821816806646342002e+03 2.049512830964721957e+02
7.356500000000000261e-01 1.618338942212951679e+02 4.344542264796471187e+01 2.739215854895627444e+02 1.819415553249882578e+03 2.049584749537846733e+02
7.381250000000000311e-01 1.630877695756651065e+02 4.367489082897137109e+01 2.762695101733556839e+02 1.816962918989476748e+03 2.049608866274899412e+02
7.406000000000000361e-01 1.643439147314240927e+02 4.390359092967222665e+01 2.786263164570086701e+02 1.814459465597358758e+03 2.049586436594856593e+02
7.430750000000000410e-01 1.656023114364891171e+02 4.413152296782925532e+01 2.809919858335781555e+02 1.811905748642380559e+03 2.049518686764133122e+02
7.455500000000000460e-01 1.668629415692262228e+02 4.435868709535682797e+01 2.833664998713840077e+02 1.809302318632274591e+03 2.049406814610304082e+02
7.480250000000000510e-01 1.681257871377401898e+02 4.458508359342204130e+01 2.857498402140373628e+02 1.806649721153190740e+03 2.049251990227882345e+02
7.505000000000000560e-01 1.693908302791558071e+02 4.481071286774090368e+01 2.881419885804461956e+02 1.803948495551901487e+03 2.049055356502910001e+02
7.529750000000000609e-01 1.706580532588964161e+02 4.503557544395233236e+01 2.905429267647962206e+02 1.801199175587376203e+03 2.048818029812733812e+02
7.554500000000000659e-01 1.719274384699540406e+02 4.525967196322096697e+01 2.929526366365132617e+02 1.798402290537995668e+03 2.048541100721967325e+02
7.579250000000000709e-01 1.731989684321611094e+02 4.548300317791106551e+01 2.953711001402023157e+02 1.795558364277945884e+03 2.048225634501119998e+02
7.604000000000000759e-01 1.744726257914560392e+02 4.570556994744458734e+01 2.977982992955667214e+02 1.792667914523803120e+03 2.047872671854062503e+02
7.628750000000000808e-01 1.757483933191449523e+02 4.592737323427077456e+01 3.002342161973074326e+02 1.789731454016188309e+03 2.047483229269830929e+02
7.653500000000000858e-01 1.770262539111599835e+02 4.614841409993290711e+01 3.026788330150079673e+02 1.786749490553612304e+03 2.047058299826103962e+02
7.678250000000000908e-01 1.783061905873178148e+02 4.636869370133983637e+01 3.051321319929952551e+02 1.783722525842534424e+03 2.046598853576684007e+02
7.703000000000000957e-01 1.795881864905718430e+02 4.658821328703953668e+01 3.075940954501877513e+02 1.780651056633565986e+03 2.046105838194199578e+02
7.727750000000001007e-01 1.808722248862629840e+02 4.680697419374804724e+01 3.100647057799288859e+02 1.777535575150308887e+03 2.045580179478134824e+02
7.752500000000001057e-01 1.821582891613720676e+02 4.702497784284672377e+01 3.125439454498000487e+02 1.774376567443061049e+03 2.045022781705185082e+02
7.777250000000001107e-01 1.834463628237658668e+02 4.724222573709710105e+01 3.150317970014211824e+02 1.771174514422078346e+03 2.044434528483006943e+02
7.802000000000001156e-01 1.847364295014428990e+02 4.745871945742732123e+01 3.175282430502390980e+02 1.767929892236273190e+03 2.043816282865462881e+02
7.826750000000001206e-01 1.860284729417801373e+02 4.767446065977436831e+01 3.200332662852988506e+02 1.764643171482745629e+03 2.043168888031583776e+02
7.851500000000001256e-01 1.873224770107749464e+02 4.788945107211439733e+01 3.225468494690060197e+02 1.761314817638976137e+03 2.042493167635361146e+02
7.876250000000000195e-01 1.886184256922895202e+02 4.810369249147510118e+01 3.250689754369083175e+02 1.757945291395097229e+03 2.041789926490234564e+02
7.901000000000000245e-01 1.899163030872916806e+02 4.831718678120296318e+01 3.275996270973092805e+02 1.754535048210591640e+03 2.041059950842289368e+02
7.925750000000000295e-01 1.912160934130995429e+02 4.852993586812233673e+01 3.301387874311574251e+02 1.751084538435816285e+03 2.040304008601934811e+02
7.950500000000000345e-01 1.925177810026191310e+02 4.874194173993787160e+01 3.326864394916625542e+02 1.747594207248014982e+03 2.039522850122320961e+02
7.975250000000000394e-01 1.938213503035908616e+02 4.895320644263989607e+01 3.352425664040224547e+02 1.747644779520200245e+03 2.038717208368848617e+02
8.000000000000000444e-01 1.951267858778248865e+02 4.916373207802239165e+01 3.378071513651182158e+02 1.751250361846313126e+03 2.037877350038703526e+02
