# M_Msun R_km
2.360494987188164473e-01 1.000000009999483552e+02
2.355638133041946247e-01 1.000000009999483552e+02
2.350481622055222708e-01 1.000000009999483552e+02
2.345038373221581263e-01 1.000000009999483552e+02
2.339263791759999822e-01 1.000000009999483552e+02
2.333237797068946351e-01 1.000000009999483552e+02
2.326814168947324291e-01 1.000000009999483552e+02
2.319979076317619793e-01 1.000000009999483552e+02
2.312814974676080382e-01 1.000000009999483552e+02
2.305204913991308335e-01 1.000000009999483552e+02
2.297170250454442508e-01 1.000000009999483552e+02
2.288660797214715215e-01 1.000000009999483552e+02
2.279658540590569771e-01 1.000000009999483552e+02
2.270152339230757099e-01 1.000000009999483552e+02
2.260162372421086197e-01 1.000000009999483552e+02
2.249637615630948884e-01 1.000000009999483552e+02
2.238532223473354010e-01 1.000000009999483552e+02
2.226830815099775096e-01 1.000000009999483552e+02
2.214556406664045518e-01 1.000000009999483552e+02
2.201586673816442463e-01 1.000000009999483552e+02
2.188102081131938770e-01 1.000000009999483552e+02
2.173936063135978036e-01 1.000000009999483552e+02
2.159081992322866295e-01 1.000000009999483552e+02
2.143528633119525517e-01 1.000000009999483552e+02
2.127265003502218921e-01 1.000000009999483552e+02
2.110287495338367680e-01 1.000000009999483552e+02
2.092588981484239663e-01 1.000000009999483552e+02
2.074161891746051090e-01 1.000000009999483552e+02
2.054914763772313357e-01 1.000000009999483552e+02
2.034932902215562667e-01 1.000000009999483552e+02
2.014210914471420144e-01 1.000000009999483552e+02
1.992624383934194776e-01 1.000000009999483552e+02
1.970253730520828417e-01 1.000000009999483552e+02
1.946990803754820309e-01 1.000000009999483552e+02
1.922925185643367674e-01 1.000000009999483552e+02
1.897951033548897493e-01 1.000000009999483552e+02
1.872057730140678777e-01 1.000000009999483552e+02
1.845234595953516854e-01 1.000000009999483552e+02
1.817585690728338865e-01 1.000000009999483552e+02
1.789001072976041107e-01 1.000000009999483552e+02
1.759476568035479305e-01 1.000000009999483552e+02
1.729011003261363422e-01 1.000000009999483552e+02
1.697730608730745883e-01 1.000000009999483552e+02
1.665404416613033289e-01 1.000000009999483552e+02
1.632317150361530800e-01 1.000000009999483552e+02
1.598470798391831427e-01 1.000000009999483552e+02
1.563923088568424102e-01 1.000000009999483552e+02
1.528733009886870942e-01 1.000000009999483552e+02
1.493105077028976657e-01 1.000000009999483552e+02
1.456985066743544666e-01 1.000000009999483552e+02
1.420461924814986898e-01 1.000000009999483552e+02
1.383635767705302666e-01 1.000000009999483552e+02
1.346688023279635493e-01 1.000000009999483552e+02
1.309608850970603866e-01 1.000000009999483552e+02
1.272507852041652177e-01 1.000000009999483552e+02
1.235507185531723728e-01 1.000000009999483552e+02
1.198662556409371416e-01 1.000000009999483552e+02
1.162173221383895616e-01 1.000000009999483552e+02
1.126141915056088072e-01 1.000000009999483552e+02
1.090054564035374263e-01 1.000000009999483552e+02
1.054011852009443390e-01 1.000000009999483552e+02
1.017816268216363007e-01 1.000000009999483552e+02
9.822168982678418370e-02 1.000000009999483552e+02
9.475908777697165941e-02 1.000000009999483552e+02
9.141990105636840780e-02 1.000000009999483552e+02
8.823727320891440462e-02 1.000000009999483552e+02
8.520377596814637799e-02 1.000000009999483552e+02
8.232099236864270919e-02 1.000000009999483552e+02
7.959124194615985193e-02 1.000000009999483552e+02
7.700892663881039879e-02 1.000000009999483552e+02
7.457982364639521855e-02 1.000000009999483552e+02
7.231275470700244956e-02 1.000000009999483552e+02
7.020583350378953313e-02 1.000000009999483552e+02
6.822347063394426647e-02 1.000000009999483552e+02
6.635795725512565191e-02 1.000000009999483552e+02
6.471071198090469490e-02 1.000000009999483552e+02
6.332928751975111514e-02 1.000000009999483552e+02
6.220767956087280143e-02 1.000000009999483552e+02
6.127925381619084289e-02 1.000000009999483552e+02
6.058190178980789320e-02 1.000000009999483552e+02
6.009210533897847012e-02 1.000000009999483552e+02
5.981094768642978426e-02 1.000000009999483552e+02
5.971524362076471165e-02 1.000000009999483552e+02
5.979662322819167403e-02 1.000000009999483552e+02
6.013240962241484661e-02 1.000000009999483552e+02
6.067631324643880941e-02 1.000000009999483552e+02
6.139792213717112923e-02 1.000000009999483552e+02
6.228579802715997205e-02 1.000000009999483552e+02
6.332474646508533256e-02 1.000000009999483552e+02
6.449542107098547861e-02 1.000000009999483552e+02
6.577944428605196625e-02 1.000000009999483552e+02
6.716050765959713509e-02 8.309000099998776534e+01
6.861871300813116026e-02 7.021800100001776457e+01
7.013919139426127991e-02 6.097400100002855794e+01
7.171415579402605489e-02 5.402400100002006411e+01
7.333984163297856129e-02 4.865200100001349881e+01
7.501201308550878299e-02 4.435200100000824364e+01
7.672862803928609532e-02 4.083400100000394417e+01
7.848894335426565005e-02 3.792600100000039021e+01
8.029102622961672986e-02 3.546600099999738376e+01
8.213404948841629416e-02 3.336000099999480994e+01
8.401792618141931679e-02 3.155200099999339258e+01
8.594139558591801231e-02 2.997000099999426936e+01
8.790420061579203026e-02 2.858400099999503752e+01
8.990578732195168843e-02 2.735600099999571810e+01
9.194559985450509454e-02 2.626600099999632221e+01
9.402306107761868037e-02 2.528800099999686424e+01
9.613755678541816008e-02 2.441000099999735085e+01
9.828841379377481480e-02 2.361400099999779201e+01
1.004746846187263148e-01 2.289000099999819327e+01
1.026960485531580175e-01 2.223400099999855684e+01
1.049512568061690271e-01 2.163200099999889048e+01
1.072391700210406223e-01 2.108000099999919641e+01
1.095587032731970556e-01 2.057000099999947906e+01
1.119086928425020860e-01 2.010400099999973733e+01
1.142874611175446059e-01 1.967000099999997786e+01
1.166934799730918876e-01 1.927000100000019955e+01
1.191246863549895590e-01 1.889800100000040572e+01
1.215789494849923158e-01 1.855200100000059749e+01
1.240541615621853083e-01 1.823000100000077595e+01
1.265472568651845320e-01 1.793000100000094221e+01
1.290554158908621407e-01 1.764800100000109850e+01
1.315751535829366436e-01 1.738400100000124482e+01
1.341026835979428622e-01 1.713600100000138227e+01
1.366336552351581912e-01 1.690600100000150974e+01
1.391630128172289538e-01 1.668600100000163167e+01
1.416854626640458581e-01 1.648200100000174473e+01
1.441944170862839714e-01 1.629000100000185114e+01
1.466824726050920680e-01 1.610800100000195201e+01
1.491411881160914776e-01 1.593600100000199227e+01
1.515608568619732921e-01 1.577800100000193950e+01
1.539295298155496095e-01 1.562600100000188874e+01
1.562331591042394607e-01 1.548400100000184132e+01
1.584547609092002152e-01 1.535000100000179657e+01
1.605726412654859270e-01 1.522800100000175583e+01
1.625586530679921926e-01 1.511200100000171709e+01
1.643742578307000324e-01 1.500800100000168236e+01
1.659613765584802836e-01 1.491600100000165163e+01
1.672249139938598028e-01 1.483800100000162558e+01
1.680622414413825150e-01 1.477800100000160555e+01
1.685861607856753708e-01 1.473000100000158952e+01
1.689594361987792337e-01 1.468400100000157416e+01
1.692558109236850239e-01 1.463800100000155879e+01
1.695131376631301423e-01 1.459200100000154343e+01
1.697553505567218346e-01 1.454200100000152673e+01
1.699993325256348720e-01 1.448800100000150870e+01
1.702586070498534332e-01 1.443200100000149000e+01
1.705443399861710507e-01 1.437200100000146996e+01
1.708663913858041450e-01 1.430800100000144859e+01
1.712336011980166162e-01 1.424000100000142588e+01
1.716542817865065740e-01 1.416800100000140183e+01
1.721363336803444222e-01 1.409000100000137579e+01
1.726873628162773067e-01 1.400800100000134840e+01
1.733147669608109953e-01 1.392400100000132035e+01
1.740257987515965998e-01 1.383400100000129029e+01
1.748275123862430003e-01 1.374000100000125890e+01
1.757270050899074898e-01 1.364400100000122684e+01
1.767311297241722090e-01 1.354400100000119345e+01
1.778468515645394710e-01 1.344000100000115872e+01
1.790809021428103331e-01 1.333400100000112332e+01
1.804401168779636022e-01 1.322400100000108658e+01
1.819310964443358603e-01 1.311200100000104918e+01
1.835603721901586938e-01 1.300000100000101177e+01
1.853345034764324883e-01 1.288400100000097304e+01
1.872601482280720209e-01 1.276800100000093430e+01
1.893433935658105360e-01 1.265000100000089489e+01
1.915905745285182427e-01 1.253400100000085615e+01
1.940078849190846333e-01 1.241600100000081675e+01
1.966015836453554877e-01 1.230000100000077801e+01
1.993774065670040896e-01 1.218400100000073927e+01
2.023413625840458918e-01 1.207000100000070120e+01
2.054994943996094059e-01 1.195600100000066313e+01
2.088573227500661600e-01 1.184600100000062639e+01
2.124205608635365838e-01 1.173800100000059032e+01
2.161950761183918379e-01 1.163200100000055492e+01
2.201862504118424491e-01 1.152800100000052019e+01
2.243995562378981734e-01 1.142800100000048680e+01
2.288408108725845658e-01 1.133000100000045407e+01
2.335151758412965239e-01 1.123600100000042268e+01
2.384280985320993695e-01 1.114600100000039262e+01
2.435854298385250472e-01 1.106000100000036390e+01
2.489921226628244444e-01 1.097800100000033652e+01
2.546536815952393784e-01 1.089800100000030980e+01
2.605759945223456997e-01 1.082400100000028509e+01
2.667639893229218351e-01 1.075200100000026104e+01
2.732233044098328900e-01 1.068400100000023834e+01
2.799598732316546101e-01 1.062000100000021696e+01
2.869785204308188398e-01 1.056000100000019692e+01
2.942851733864876307e-01 1.050400100000017822e+01
3.018857913926806247e-01 1.045200100000016086e+01
3.097852046384777513e-01 1.040400100000014483e+01
3.179895515109559256e-01 1.035800100000012947e+01
3.265046856803395237e-01 1.031800100000011611e+01
3.353354793989686833e-01 1.027800100000010275e+01
3.444883559714707610e-01 1.024400100000009139e+01
3.539688200321541856e-01 1.021400100000008138e+01
3.637819851346341671e-01 1.018600100000007203e+01
3.739342471370992183e-01 1.016000100000006334e+01
3.844306871241076062e-01 1.013800100000005600e+01
3.952765825594745652e-01 1.012000100000004998e+01
4.064781985061952096e-01 1.010200100000004397e+01
4.180400370962408796e-01 1.009000100000003997e+01
4.299674300041890218e-01 1.008000100000003663e+01
4.422661803093896338e-01 1.007200100000003395e+01
4.549401547812190749e-01 1.006600100000003195e+01
4.679944936556882928e-01 1.006200100000003061e+01
4.814342007278546443e-01 1.006000100000002995e+01
4.952625292427145776e-01 1.006200100000003061e+01
5.094839244319215865e-01 1.006600100000003195e+01
5.241024160582481439e-01 1.007000100000003329e+01
5.391203160347119994e-01 1.007800100000003596e+01
5.545410865629402108e-01 1.008800100000003930e+01
5.703674384491160820e-01 1.009800100000004264e+01
5.866004980855039630e-01 1.011000100000004664e+01
6.032421400974339321e-01 1.012400100000005132e+01
6.202936389802981010e-01 1.014200100000005733e+01
6.377544691498927554e-01 1.015800100000006267e+01
6.556245406430245559e-01 1.017800100000006935e+01
6.739030987348325619e-01 1.019600100000007536e+01
6.925880268566790843e-01 1.021800100000008271e+01
7.116765273495951893e-01 1.024000100000009006e+01
7.311654320482043889e-01 1.026400100000009807e+01
7.510505704433823038e-01 1.028800100000010609e+01
7.713264465782954105e-01 1.031400100000011477e+01
7.919869020316980812e-01 1.034000100000012345e+01
8.130249285850328356e-01 1.036800100000013281e+01
8.344324509876112073e-01 1.039400100000014149e+01
8.562003024736736245e-01 1.042400100000015151e+01
8.783181717221471008e-01 1.045200100000016086e+01
9.007748338834985491e-01 1.048200100000017088e+01
9.235579862586861255e-01 1.051200100000018089e+01
9.466542434604597878e-01 1.054200100000019091e+01
9.700491179000296782e-01 1.057400100000020160e+01
9.937271170157897515e-01 1.060400100000021162e+01
1.017671679887244274e+00 1.063600100000022231e+01
1.041865225620441260e+00 1.066600100000023232e+01
1.066289296534249642e+00 1.069800100000024301e+01
1.090924371957860739e+00 1.073000100000025370e+01
1.115750141277604079e+00 1.076000100000026372e+01
1.140745453454841352e+00 1.079200100000027440e+01
1.165888381769247140e+00 1.082200100000028442e+01
1.191156263597633380e+00 1.085200100000029444e+01
1.216525889082583189e+00 1.088400100000030513e+01
1.241973430228108466e+00 1.091200100000031448e+01
1.267474638960774946e+00 1.094200100000032450e+01
1.293004851689307344e+00 1.097000100000033385e+01
1.318539137358408997e+00 1.100000100000034386e+01
1.344052354220693246e+00 1.102600100000035255e+01
1.369519179947563892e+00 1.105400100000036190e+01
1.394914379601469134e+00 1.108000100000037058e+01
1.420212648208488693e+00 1.110600100000037926e+01
1.445388928781961457e+00 1.113000100000038728e+01
1.470418310860551969e+00 1.115400100000039529e+01
1.495276287032700990e+00 1.117600100000040264e+01
1.519938628623129784e+00 1.119800100000040999e+01
1.544381652447577968e+00 1.122000100000041733e+01
1.568582188830639046e+00 1.124000100000042401e+01
1.592517646347977989e+00 1.125800100000043003e+01
1.616166105592668156e+00 1.127600100000043604e+01
1.639506361460219219e+00 1.129400100000044205e+01
1.662517973809154448e+00 1.130800100000044672e+01
1.685181296548990293e+00 1.132400100000045207e+01
1.707477557482927955e+00 1.133800100000045674e+01
1.729388826832629178e+00 1.135000100000046075e+01
1.750898102138865431e+00 1.136000100000046409e+01
1.771989312714967513e+00 1.137000100000046743e+01
1.792647340909609754e+00 1.138000100000047077e+01
1.812857997355115325e+00 1.138600100000047277e+01
1.832608114990877946e+00 1.139400100000047544e+01
1.851885450062862759e+00 1.139800100000047678e+01
1.870678749937132013e+00 1.140200100000047811e+01
1.888977757735203822e+00 1.140600100000047945e+01
1.906773109349194861e+00 1.140600100000047945e+01
1.924056450198364132e+00 1.140800100000048012e+01
1.940820334324214302e+00 1.140600100000047945e+01
1.957058255966758198e+00 1.140400100000047878e+01
1.972764578009229108e+00 1.140200100000047811e+01
1.987934602883912216e+00 1.139800100000047678e+01
2.002564416014603221e+00 1.139200100000047478e+01
2.016650974460330037e+00 1.138600100000047277e+01
2.030192049645550334e+00 1.137800100000047010e+01
2.043186164239685798e+00 1.136800100000046676e+01
2.055632655657277930e+00 1.136000100000046409e+01
2.067531534999432985e+00 1.134800100000046008e+01
2.078883498889442460e+00 1.133600100000045607e+01
2.089689969888404164e+00 1.132200100000045140e+01
2.099952965610521805e+00 1.130800100000044672e+01
2.109675138241424719e+00 1.129400100000044205e+01
2.118859726241999031e+00 1.127800100000043670e+01
2.127510501485412320e+00 1.126000100000043069e+01
2.135631772131179940e+00 1.124200100000042468e+01
2.143228357030865894e+00 1.122400100000041867e+01
2.150305525605783252e+00 1.120400100000041199e+01
2.156869006114042531e+00 1.118400100000040531e+01
2.162924949993449530e+00 1.116200100000039797e+01
2.168479861197659453e+00 1.114000100000039062e+01
2.173540681557054377e+00 1.111800100000038327e+01
2.178114619306003696e+00 1.109400100000037526e+01
2.182209243789649644e+00 1.107000100000036724e+01
2.185832410708223428e+00 1.104400100000035856e+01
2.188992253486318429e+00 1.101800100000034988e+01
2.191697148246657179e+00 1.099200100000034119e+01
2.193955680853358903e+00 1.096400100000033184e+01
2.195776698128656612e+00 1.093600100000032249e+01
2.197169159061779453e+00 1.090800100000031314e+01
2.198142278950090844e+00 1.088000100000030379e+01
2.198705342675049579e+00 1.085000100000029377e+01
2.198867835473917065e+00 1.082000100000028375e+01
