# n_fm^-3 Ebind_MeV Esym_MeV Psnm_MeVfm^-3 K_MeV L_MeV
8.000000000000000167e-03 -7.072041020428514457e-01 2.805646976825548755e+00 -1.234842208573283528e-02 -1.855745713288628806e+00 6.814928489940676570e+00
1.047499999999999994e-02 -1.198512104586143323e+00 3.497697169018486818e+00 -2.225980621621026501e-02 -2.352000331485275098e+00 8.650583646595501719e+00
1.294999999999999971e-02 -1.706982513808839030e+00 4.168268744547035887e+00 -3.477326195940477760e-02 -1.943462377605740921e+00 1.040118656831926103e+01
1.542500000000000121e-02 -2.222323273546862765e+00 4.822944878495459164e+00 -4.965096878099828359e-02 -4.178825613102082892e-01 1.212309986119719341e+01
1.789999999999999925e-02 -2.738311297948712308e+00 5.465067108953866715e+00 -6.665034281804693705e-02 1.439434053473465092e+00 1.381910878525401287e+01
2.037500000000000075e-02 -3.250916026522531865e+00 6.096773341940661339e+00 -8.553123016909935927e-02 3.601187132615256470e+00 1.549021823560941868e+01
2.285000000000000225e-02 -3.757409317722363085e+00 6.719489689997084625e+00 -1.060597094557991227e-01 6.038448873548243334e+00 1.713636947250688181e+01
2.532500000000000029e-02 -4.255892126783123786e+00 7.334191706476169692e+00 -1.280102031735630419e-01 8.722887083528666707e+00 1.875685242766906313e+01
2.780000000000000179e-02 -4.745021092298316034e+00 7.941555099894575420e+00 -1.511666532213595815e-01 1.162746054158905018e+01 2.035055417971623726e+01
3.027500000000000330e-02 -5.223840314355015835e+00 8.542048339444939131e+00 -1.753231367045415823e-01 1.472664745311997692e+01 2.191611573562505200e+01
3.275000000000000133e-02 -5.691672562898702381e+00 9.135992456253990923e+00 -2.002841261035719356e-01 1.799651597166478467e+01 2.345203500079387737e+01
3.522500000000000631e-02 -6.148046014566830308e+00 9.723601247881884291e+00 -2.258645125073428517e-01 2.141473810003263623e+01 2.495673671252771442e+01
3.770000000000000434e-02 -6.592643231930082948e+00 1.030500922206437053e+01 -2.518894650974630167e-01 2.496058234449068536e+01 2.642862124118437706e+01
4.017500000000000238e-02 -7.025264613625836319e+00 1.088029156745626480e+01 -2.781941743756561891e-01 2.861489762527946823e+01 2.786609936163338830e+01
4.265000000000000041e-02 -7.445801571716287981e+00 1.144947876647495022e+01 -3.046235114088133855e-01 3.236009255194180412e+01 2.926761738850365191e+01
4.512500000000000538e-02 -7.854216434113141077e+00 1.201256750393999440e+01 -3.310316259264212135e-01 3.618011104780457288e+01 3.063167548577932209e+01
4.760000000000000342e-02 -8.250527112033182675e+00 1.256952895044250340e+01 -3.572815001840154991e-01 4.006040429246797174e+01 3.195684100319800436e+01
5.007500000000000145e-02 -8.634795217645773846e+00 1.312031514375673069e+01 -3.832444712637652628e-01 4.398789873159276453e+01 3.324175809579189433e+01
5.255000000000000643e-02 -9.007116728560163210e+00 1.366486396508167900e+01 -4.087997319804657081e-01 4.795095990132895025e+01 3.448515450458330633e+01
5.502500000000000446e-02 -9.367614565226290324e+00 1.420310305874364509e+01 -4.338338183936585324e-01 5.193935192515608179e+01 3.568584612655796207e+01
5.750000000000000250e-02 -9.716432627851190773e+00 1.473495294479672779e+01 -4.582400905477967967e-01 5.594419273922238034e+01 3.684273983763485916e+01
5.997500000000000747e-02 -1.005373096295068081e+01 1.526032950625838680e+01 -4.819182119299583178e-01 5.995790525970258500e+01 3.795483491968842316e+01
6.245000000000000551e-02 -1.037968181569192438e+01 1.577914598552179370e+01 -5.047736322502558437e-01 6.397416475343300135e+01 3.902122336387099466e+01
6.492500000000001048e-02 -1.069446638522151716e+01 1.629131459113248326e+01 -5.267170774248128851e-01 6.798784280167188854e+01 4.004108926733447049e+01
6.740000000000001545e-02 -1.099827214407264364e+01 1.679674779208477986e+01 -5.476640500403178180e-01 7.199494836204721082e+01 4.101370750065780157e+01
6.987500000000000655e-02 -1.129129061479272877e+01 1.729535935932366186e+01 -5.675343430538362099e-01 7.599256637199430031e+01 4.193844179318526955e+01
7.234999999999999765e-02 -1.157371552061886177e+01 1.778706520115462553e+01 -5.862515690316740802e-01 7.997879438284304854e+01 4.281474235901691117e+01
7.482500000000000262e-02 -1.184574124480218416e+01 1.827178402957076031e+01 -6.037427068252156914e-01 8.395267783693122965e+01 4.364214317100805118e+01
7.730000000000000759e-02 -1.210756154655530281e+01 1.874943788718420734e+01 -6.199376672246046382e-01 8.791414445128981470e+01 4.442025897448083782e+01
7.977500000000001257e-02 -1.235936849187885400e+01 1.921995255878024977e+01 -6.347688788115277703e-01 9.186393813779942263e+01 4.514878211917645956e+01
8.225000000000001754e-02 -1.260135156545800328e+01 1.968325788714210489e+01 -6.481708949391986607e-01 9.580355300567383381e+01 4.582747928015272976e+01
8.472499999999999476e-02 -1.283369693598910999e+01 2.013928800938513319e+01 -6.600800225117211539e-01 9.973516787921805360e+01 4.645618812626625527e+01
8.719999999999999973e-02 -1.305658685215269088e+01 2.058798152725233166e+01 -6.704339730039521328e-01 1.036615816497770908e+02 4.703481398967014826e+01
8.967500000000000471e-02 -1.327019915031598885e+01 2.102928162272178270e+01 -6.791715359527330520e-01 1.075861498488831955e+02 4.756332658140080127e+01
9.215000000000000968e-02 -1.347470685814164426e+01 2.146313612841554885e+01 -6.862322749732499005e-01 1.115127227808023775e+02 4.804175679158677781e+01
9.462500000000001465e-02 -1.367027788074892669e+01 2.188949756093251153e+01 -6.915562461899327218e-01 1.154455854403192774e+02 4.847019360675396626e+01
9.710000000000001963e-02 -1.385707475812603207e+01 2.230832312393622630e+01 -6.950837388341284395e-01 1.193893994171402682e+02 4.884878117216996429e+01
9.957499999999999685e-02 -1.403525448412619880e+01 2.271957468692716020e+01 -6.967550376425037939e-01 1.233491470082105224e+02 4.917771602107790585e+01
1.020500000000000018e-01 -1.420496837878727092e+01 2.312321874467213689e+01 -6.965102065841222156e-01 1.273300777039457614e+02 4.945724448944424267e+01
1.045250000000000068e-01 -1.436636200680482034e+01 2.351922636167074643e+01 -6.942888933663766693e-01 1.313376570413161062e+02 4.968766033000410687e+01
1.070000000000000118e-01 -1.451957513599938920e+01 2.390757310529884805e+01 -6.900301540929660860e-01 1.353775180320103573e+02 4.986930253319307838e+01
1.094750000000000167e-01 -1.466474173038636764e+01 2.428823897082746441e+01 -6.836722973979192375e-01 1.394554151772019281e+02 5.000255336768570658e+01
1.119500000000000217e-01 -1.480198997314494136e+01 2.466120830106666162e+01 -6.751527473331151441e-01 1.435771809472201141e+02 5.008783663737654024e+01
1.144249999999999989e-01 -1.493144231539247357e+01 2.502646970286561512e+01 -6.644079242564941978e-01 1.477486849391770818e+02 5.012561616018576416e+01
1.169000000000000039e-01 -1.505321554714453214e+01 2.538401596254191261e+01 -6.513731429455731359e-01 1.519757955903674826e+02 5.011639446659997787e+01
1.193750000000000089e-01 -1.516742088727824012e+01 2.573384396180394162e+01 -6.359825271492525189e-01 1.562643443021178484e+02 5.006071171222245653e+01
1.218500000000000139e-01 -1.527416408971305373e+01 2.607595459563231799e+01 -6.181689397838567857e-01 1.606200920774317638e+02 4.995914480472712427e+01
1.243250000000000188e-01 -1.537354556332650191e+01 2.641035269325900714e+01 -5.978639279807822504e-01 1.650486985757954415e+02 4.981230673089056893e+01
1.268000000000000238e-01 -1.546566050342346443e+01 2.673704694315670949e+01 -5.749976822001769960e-01 1.695556934070235116e+02 4.962084608059339530e+01
1.292750000000000010e-01 -1.555059903282051437e+01 2.705604982285663596e+01 -5.494990086355926451e-01 1.741464496583527364e+02 4.938544675838501519e+01
1.317500000000000060e-01 -1.562844635084672973e+01 2.736737753415523855e+01 -5.212953141469398588e-01 1.788261596094867798e+02 4.910682786828876090e+01
1.342250000000000110e-01 -1.569928288873006750e+01 2.767104994416727237e+01 -4.903126029811346598e-01 1.835998124506934062e+02 4.878574376610568919e+01
1.367000000000000159e-01 -1.576318447004359768e+01 2.796709053258380351e+01 -4.564754845536498351e-01 1.884721739811012924e+02 4.842298426267167599e+01
1.391750000000000209e-01 -1.582022247501470247e+01 2.825552634528950335e+01 -4.197071916092340871e-01 1.934477681581372508e+02 4.801937496726208821e+01
1.416500000000000259e-01 -1.587046400765393628e+01 2.853638795450572019e+01 -3.799296079513680979e-01 1.985308604250760141e+02 4.757577776066622732e+01
1.441250000000000309e-01 -1.591397206477813597e+01 2.880970942545257429e+01 -3.370633054411484864e-01 2.037254428022373531e+02 4.709309137811429480e+01
1.466000000000000081e-01 -1.595080570610366522e+01 2.907552828945031109e+01 -2.910275890909872487e-01 2.090352204567454066e+02 4.657225210026989970e+01
1.490750000000000131e-01 -1.598102022469277017e+01 2.933388552344332822e+01 -2.417405501044243010e-01 2.144635998732926225e+02 4.601423452419383153e+01
1.515500000000000180e-01 -1.600466731712867841e+01 2.958482553556749650e+01 -1.891191260537823382e-01 2.200136785786258429e+02 4.542005240855276327e+01
1.540250000000000230e-01 -1.602179525283975181e+01 2.982839615672681077e+01 -1.330791676723777073e-01 2.256882360424969818e+02 4.479075958563507953e+01
1.565000000000000280e-01 -1.603244904210953337e+01 3.006464863776712804e+01 -7.353551171246408558e-02 2.314897260525523279e+02 4.412745090808623871e+01
1.589750000000000330e-01 -1.603667060233465236e+01 3.029363765192388769e+01 -1.040205934128834997e-02 2.374202703554362586e+02 4.343126323684315082e+01
1.614500000000000102e-01 -1.603449892215257933e+01 3.051542130227910121e+01 5.640814042976671772e-02 2.434816533439594366e+02 4.270337644236079910e+01
1.639250000000000151e-01 -1.602597022313602793e+01 3.073006113368229464e+01 1.269828027797075265e-01 2.496753180391895626e+02 4.194501441249441598e+01
1.664000000000000201e-01 -1.601111811875421154e+01 3.093762214888953821e+01 2.014103150437449585e-01 2.560023631594817175e+02 4.115744604941772877e+01
1.688750000000000251e-01 -1.598997377037699152e+01 3.113817282828289024e+01 2.797796410240209752e-01 2.624635411613639349e+02 4.034198624480504236e+01
1.713500000000000301e-01 -1.596256604010022784e+01 3.133178515290983768e+01 3.621802222857013476e-01 2.690592572751639295e+02 3.949999682742853224e+01
1.738250000000000073e-01 -1.592892164023669466e+01 3.151853463023945423e+01 4.487018764729953091e-01 2.757895696955330891e+02 3.863288744949485931e+01
1.763000000000000123e-01 -1.588906527930589618e+01 3.169850032214133861e+01 5.394346934926659287e-01 2.826541905705085469e+02 3.774211642085396079e+01
1.787750000000000172e-01 -1.584301980440375246e+01 3.187176487467739605e+01 6.344689296873582407e-01 2.896524877792149937e+02 3.682919147346986932e+01
1.812500000000000222e-01 -1.579080633985950044e+01 3.203841454913742837e+01 7.338949004875701121e-01 2.967834878349067367e+02 3.589567043339658881e+01
1.837250000000000272e-01 -1.573244442208192595e+01 3.219853925379521797e+01 8.378028719042447392e-01 3.040458795574978126e+02 3.494316180423823681e+01
1.862000000000000322e-01 -1.566795213053421776e+01 3.235223257595464474e+01 9.462829512279711253e-01 3.114380184273736063e+02 3.397332523933486215e+01
1.886750000000000094e-01 -1.559734621478241934e+01 3.249959181364968686e+01 1.059424977292451331e+00 3.189579318374870809e+02 3.298787189253561536e+01
1.911500000000000143e-01 -1.552064221758450913e+01 3.264071800657705325e+01 1.177318410649405678e+00 3.266033251889720077e+02 3.198856465486145950e+01
1.936250000000000193e-01 -1.543785459398043258e+01 3.277571596578425073e+01 1.300052223986682520e+00 3.343715885872730382e+02 3.097721823837418142e+01
1.961000000000000243e-01 -1.534899682637558271e+01 3.290469430144247553e+01 1.427714793118781245e+00 3.422598042603515864e+02 2.995569912395013645e+01
1.985750000000000293e-01 -1.525408153560488245e+01 3.302776544846919649e+01 1.560393788863564168e+00 3.502647548088452254e+02 2.892592534428295892e+01
2.010500000000000342e-01 -1.515312058797849204e+01 3.314504568917037375e+01 1.698176070111145464e+00 3.583829319782619223e+02 2.788986611544547856e+01
2.035250000000000115e-01 -1.504612519830982365e+01 3.325665517286852690e+01 1.841147578377160698e+00 3.666105460388087067e+02 2.684954129505323905e+01
2.060000000000000164e-01 -1.493310602895269312e+01 3.336271793158205412e+01 1.989393234128272070e+00 3.749435359426318541e+02 2.580702064104061932e+01
2.084750000000000214e-01 -1.481407328484965547e+01 3.346336189159531216e+01 2.142996835148068158e+00 3.833775799208200965e+02 2.476442293133499462e+01
2.109500000000000264e-01 -1.468903680462847205e+01 3.355871888055293084e+01 2.302040957208930649e+00 3.919081065714473198e+02 2.372391486142723949e+01
2.134250000000000314e-01 -1.455800614776910606e+01 3.364892462931209138e+01 2.466606857294550537e+00 4.005303065830551077e+02 2.268770974769446980e+01
2.159000000000000363e-01 -1.442099067787978584e+01 3.373411876849340274e+01 2.636774379615872022e+00 4.092391448660681590e+02 2.165806606280605706e+01
2.183750000000000135e-01 -1.427799964211214956e+01 3.381444481923163892e+01 2.812621864638344960e+00 4.180293731320889492e+02 2.063728574404259675e+01
2.208500000000000185e-01 -1.412904224676674403e+01 3.389005017766418604e+01 2.994226061338110867e+00 4.268955428885533365e+02 1.962771231725203336e+01
2.233250000000000235e-01 -1.397412772912036871e+01 3.396108609305308335e+01 3.181662042877945851e+00 4.358320187320628634e+02 1.863172881145407800e+01
2.258000000000000285e-01 -1.381326542553802028e+01 3.402770763893766315e+01 3.375003125891794298e+00 4.448329919973833739e+02 1.765175547302847292e+01
2.282750000000000334e-01 -1.364646483590593107e+01 3.409007367733340743e+01 3.574320793542341335e+00 4.538924946382921348e+02 1.669024728222901288e+01
2.307500000000000384e-01 -1.347373568445357250e+01 3.414834681543828054e+01 3.779684622508995062e+00 4.630044134776472902e+02 1.574969126303246902e+01
2.332250000000000156e-01 -1.329508797700998457e+01 3.420269335483721562e+01 3.991162214041196421e+00 4.721625045004283265e+02 1.483260361201733524e+01
2.357000000000000206e-01 -1.311053205475741379e+01 3.425328323288850640e+01 4.208819129201316400e+00 4.813604072456361109e+02 1.394152660477293715e+01
2.381750000000000256e-01 -1.292007864455115396e+01 3.430028995601615094e+01 4.432718828406336797e+00 4.905916595220610930e+02 1.307902534624400204e+01
2.406500000000000306e-01 -1.272373890585720346e+01 3.434389052509509099e+01 4.662922615353863875e+00 4.998497119230177645e+02 1.224768433064231132e+01
2.431250000000000355e-01 -1.252152447438652416e+01 3.438426535242404469e+01 4.899489585413590476e+00 5.091279424106189140e+02 1.145010379147359814e+01
2.456000000000000405e-01 -1.231344750248990749e+01 3.442159817036370129e+01 5.142476578538065723e+00 5.184196710521465548e+02 1.068889592894860918e+01
2.480750000000000177e-01 -1.209952069638541161e+01 3.445607593175126482e+01 5.391938136737763898e+00 5.277181744103609162e+02 9.966680957168927435e+00
2.505499999999999949e-01 -1.187975735028908275e+01 3.448788870177286725e+01 5.647926466145463564e+00 5.370166998407528354e+02 9.286082984761028669e+00
2.530249999999999999e-01 -1.165417137753502175e+01 3.451722954150921652e+01 5.910491403682470946e+00 5.463084797612605144e+02 8.649725773336241375e+00
2.555000000000000049e-01 -1.142277733874720980e+01 3.454429438313243850e+01 6.179680388319269468e+00 5.555867455949356781e+02 8.060228363144569030e+00
2.579750000000000099e-01 -1.118559046715847671e+01 3.456928189688764519e+01 6.455538436879493247e+00 5.648447414207926158e+02 7.520200554432331153e+00
2.604500000000000148e-01 -1.094262669114186792e+01 3.459239334975638513e+01 6.738108124538769061e+00 5.740757373744551160e+02 7.032238311766999317e+00
2.629250000000000198e-01 -1.069390265405490936e+01 3.461383245635938977e+01 7.027429569527413378e+00 5.832730427575205567e+02 6.598919069348326616e+00
2.654000000000000248e-01 -1.043943573146088966e+01 3.463380522182798416e+01 7.323540422528793670e+00 5.924300186033314048e+02 6.222796923920784096e+00
2.678750000000000298e-01 -1.017924404583266096e+01 3.465251977709966269e+01 7.626475860305902188e+00 6.015400900367683334e+02 5.906397794721668149e+00
2.703500000000000347e-01 -9.913346478810012741e+00 3.467018620684446972e+01 7.936268583613468763e+00 6.105967580939146728e+02 5.652214518340745286e+00
2.728250000000000397e-01 -9.641762681105547017e+00 3.468701637023915652e+01 8.252948819270898184e+00 6.195936109565232073e+02 5.462701896556473535e+00
2.753000000000000447e-01 -9.364513080148753943e+00 3.470322371487825563e+01 8.576544326289621267e+00 6.285243349635194363e+02 5.340271742419462342e+00
2.777750000000000496e-01 -9.081618885552074971e+00 3.471902308427836203e+01 8.907080405926933508e+00 6.373827248731856798e+02 5.287287900367475757e+00
2.802500000000000546e-01 -8.793102092492176780e+00 3.473463051907447863e+01 9.244579915537883608e+00 6.461626936518628099e+02 5.306061280733092467e+00
2.827250000000000041e-01 -8.498985483097385440e+00 3.475026305256813686e+01 9.589063286086968674e+00 6.548582817658891599e+02 5.398844934203821389e+00
2.852000000000000091e-01 -8.199292625925977518e+00 3.476613850082861035e+01 9.940548543168347351e+00 6.634636658136089409e+02 5.567829139917122916e+00
2.876750000000000140e-01 -7.894047873633326162e+00 3.478247524780258004e+01 1.029905133138510109e+01 6.719731665994434024e+02 5.815136586755213166e+00
2.901500000000000190e-01 -7.583276358908506154e+00 3.479949202605028802e+01 1.066458494192391981e+01 6.803812566629172807e+02 6.142817608754690184e+00
2.926250000000000240e-01 -7.267003988780516011e+00 3.481740769327714702e+01 1.103716034316306605e+01 6.886825672158462339e+02 6.552845502643890541e+00
2.951000000000000290e-01 -6.945257437369491527e+00 3.483644100539027022e+01 1.141678621414223471e+01 6.968718943021478935e+02 7.047111990785715818e+00
2.975750000000000339e-01 -6.618064137185911022e+00 3.485681038654992392e+01 1.180346898072542672e+01 7.049442046305698568e+02 7.627422773342626527e+00
3.000500000000000389e-01 -6.285452269052939300e+00 3.487873369656397671e+01 1.219721285428073543e+01 7.128946406459336913e+02 8.295493218281679404e+00
3.025250000000000439e-01 -5.947450750742632408e+00 3.490242799631550952e+01 1.259801987269992196e+01 7.207185248637828181e+02 9.052944240669576814e+00
3.050000000000000488e-01 -5.604089224414451564e+00 3.492810931179281653e+01 1.300588994358588479e+01 7.284113640330195949e+02 9.901298336212608575e+00
3.074750000000000538e-01 -5.255398042932711178e+00 3.495599239715075868e+01 1.342082088942760265e+01 7.359688524394241540e+02 1.084197576823938647e+01
3.099500000000000588e-01 -4.901408255147316595e+00 3.498629049731227525e+01 1.384280849458770035e+01 7.433868743420891860e+02 1.187629100002053661e+01
3.124250000000000083e-01 -4.542151590221237711e+00 3.501921511097567929e+01 1.427184655393261892e+01 7.506615064504871953e+02 1.300544932104340745e+01
3.149000000000000132e-01 -4.177660441083958176e+00 3.505497575418903722e+01 1.470792692293031223e+01 7.577890197662864011e+02 1.423054367434336598e+01
3.173750000000000182e-01 -3.807967847074905876e+00 3.509377972533791024e+01 1.515103956904567895e+01 7.647658803560135539e+02 1.555255175944646240e+01
3.198500000000000232e-01 -3.433107475871338465e+00 3.513583187204043412e+01 1.560117262427399965e+01 7.715887501002050612e+02 1.697233336019463223e+01
3.223250000000000282e-01 -3.053113604756504174e+00 3.518133436046162643e+01 1.605831243866401792e+01 7.782544869901892071e+02 1.849062792535944055e+01
3.248000000000000331e-01 -2.668021101308681864e+00 3.523048644762980075e+01 1.652244363455218945e+01 7.847601447469339746e+02 2.010805242331101894e+01
3.272750000000000381e-01 -2.277865403571468050e+00 3.528348425731650195e+01 1.699354916170165097e+01 7.911029719779812694e+02 2.182509946720331584e+01
3.297500000000000431e-01 -1.882682499778070451e+00 3.534052055998450470e+01 1.747161035267953366e+01 7.972804110726484623e+02 2.364213572920693096e+01
3.322250000000000481e-01 -1.482508907688838917e+00 3.540178455740199581e+01 1.795660697877622169e+01 8.032900966424681428e+02 2.555940062953566283e+01
3.347000000000000530e-01 -1.077381653602174083e+00 3.546746167229915159e+01 1.844851730612145957e+01 8.091298534906187570e+02 2.757700533084966565e+01
3.371750000000000580e-01 -6.673382511024783525e-01 3.553773334376560911e+01 1.894731815191283886e+01 8.147976943735668556e+02 2.969493200975490410e+01
3.396500000000000075e-01 -2.524166795933524554e-01 3.561277682857139837e+01 1.945298494062814143e+01 8.202918173551679502e+02 3.191303345596016428e+01
3.421250000000000124e-01 1.673446373220031091e-01 3.569276500931053420e+01 1.996549176010984183e+01 8.256106029203832577e+02 3.423103294039593436e+01
3.446000000000000174e-01 5.919068535712312951e-01 3.577786620921196459e+01 2.048481141740489875e+01 8.307526105610638751e+02 3.664852439257427363e+01
3.470750000000000224e-01 1.021230722397490354e+00 3.586824401467254120e+01 2.101091549426035954e+01 8.357165754185911055e+02 3.916497292272453734e+01
3.495500000000000274e-01 1.455276618155494361e+00 3.596405710548076939e+01 2.154377440217405137e+01 8.405014046996313937e+02 4.177971557086236487e+01
3.520250000000000323e-01 1.894004558080609968e+00 3.606545909317897269e+01 2.208335743690895470e+01 8.451061736093198533e+02 4.449196239611721637e+01
3.545000000000000373e-01 2.337374223979736598e+00 3.617259836804335293e+01 2.262963283238798340e+01 8.495301211858677561e+02 4.730079784614504490e+01
3.569750000000000423e-01 2.785344983817822140e+00 3.628561795480418795e+01 2.318256781388663512e+01 8.537726459231392937e+02 5.020518243754372634e+01
3.594500000000000473e-01 3.237875913148513973e+00 3.640465537769934201e+01 2.374212865045802801e+01 8.578333017249968862e+02 5.320395467959836111e+01
3.619250000000000522e-01 3.694925816371778637e+00 3.652984253463820608e+01 2.430828070655769579e+01 8.617117931957917563e+02 5.629583328552418919e+01
3.644000000000000572e-01 4.156453247777676552e+00 3.666130558125288275e+01 2.488098849260012457e+01 8.654079705870656198e+02 5.947941967203111346e+01
3.668750000000000622e-01 4.622416532345823725e+00 3.679916482459114491e+01 2.546021571485488266e+01 8.689218254797606278e+02 6.275320068943865692e+01
3.693500000000000116e-01 5.092773786277462023e+00 3.694353462694302692e+01 2.604592532408634042e+01 8.722534859002566918e+02 6.611555161754507992e+01
3.718250000000000166e-01 5.567482937238082741e+00 3.709452331970133798e+01 2.663807956326070325e+01 8.754032112454548269e+02 6.956473937826496012e+01
3.743000000000000216e-01 6.046501744276952195e+00 3.725223312751221272e+01 2.723664001415278335e+01 8.783713875476018984e+02 7.309892600585811806e+01
3.767750000000000266e-01 6.529787817417741280e+00 3.741676010278887787e+01 2.784156764283329721e+01 8.811585225075087919e+02 7.671617229534983551e+01
3.792500000000000315e-01 7.017298636886152963e+00 3.758819407048169836e+01 2.845282284401679362e+01 8.837652404903038814e+02 8.041444166107167746e+01
3.817250000000000365e-01 7.508991571972501333e+00 3.776661858331826238e+01 2.907036548423906197e+01 8.861922775599680335e+02 8.419160422241512265e+01
3.842000000000000415e-01 8.004823899498319406e+00 3.795211088747556971e+01 2.969415494385168586e+01 8.884404767892092423e+02 8.804544101686417434e+01
3.866750000000000465e-01 8.504752821889724146e+00 3.814474189846096408e+01 3.032415015781293732e+01 8.905107831119356661e+02 9.197364834032430281e+01
3.891500000000000514e-01 9.008735484833437113e+00 3.834457618717566874e+01 3.096030965526864520e+01 8.924042383847481688e+02 9.597384234747774201e+01
3.916250000000000564e-01 9.516728994508753203e+00 3.855167197651142885e+01 3.160259159791490902e+01 8.941219770970465106e+02 1.000435636912889663e+02
3.941000000000000614e-01 1.002869043439045527e+01 3.876608114750921885e+01 3.225095381713629195e+01 8.956652212731606824e+02 1.041802822565247766e+02
3.965750000000000663e-01 1.054457688161357964e+01 3.898784925568744342e+01 3.290535384992102763e+01 8.970352756643611656e+02 1.083814020729683847e+02
3.990500000000000158e-01 1.106434542288718603e+01 3.921701555694096442e+01 3.356574897355835674e+01 8.982335235192961136e+02 1.126442662729010067e+02
4.015250000000000208e-01 1.158795316996565816e+01 3.945361304305816219e+01 3.423209623911651533e+01 8.992614219353117733e+02 1.169661620962326225e+02
4.040000000000000258e-01 1.211535727466082335e+01 3.969766848629476641e+01 3.490435250371717757e+01 9.001204973814556070e+02 1.213443259654009125e+02
4.064750000000000307e-01 1.264651494340319005e+01 3.994920249316437832e+01 3.558247446161004746e+01 9.008123414994718132e+02 1.257759486138835143e+02
4.089500000000000357e-01 1.318138345134207157e+01 4.020822956683577587e+01 3.626641867406499387e+01 9.013386068568768223e+02 1.302581802041196966e+02
4.114250000000000407e-01 1.371992015599357728e+01 4.047475817805690212e+01 3.695614159809218791e+01 9.017010027328757360e+02 1.347881354716530211e+02
4.139000000000000457e-01 1.426208251042703523e+01 4.074879084417241870e+01 3.765159961401053579e+01 9.019012913051808482e+02 1.393628988681552698e+02
4.163750000000000506e-01 1.480782807600076012e+01 4.103032421606718572e+01 3.835274905187827699e+01 9.019412835516727682e+02 1.439795296581371247e+02
4.188500000000000556e-01 1.535711453464398346e+01 4.131934917244844030e+01 3.905954621680757555e+01 9.018228356210323682e+02 1.486350669785753098e+02
4.213250000000000606e-01 1.590989970068642378e+01 4.161585092136657948e+01 3.977194741318493243e+01 9.015478453340706437e+02 1.533265349028846174e+02
4.238000000000000655e-01 1.646614153225050359e+01 4.191980910857793674e+01 4.048990896781299398e+01 9.011182481090983174e+02 1.580509473555197530e+02
4.262750000000000150e-01 1.702579814219234322e+01 4.223119793207116857e+01 4.121338725200587305e+01 9.005360140414145462e+02 1.628053130157002215e+02
4.287500000000000200e-01 1.758882780861381434e+01 4.254998626294051434e+01 4.194233870265333053e+01 8.998031445141114091e+02 1.675866401008592845e+02
4.312250000000000250e-01 1.815518898494281075e+01 4.287613777152636629e+01 4.267671984228195470e+01 8.989216686244044467e+02 1.723919410984661909e+02
4.337000000000000299e-01 1.872484030958594303e+01 4.320961105930545187e+01 4.341648729813772434e+01 8.978936405667584495e+02 1.772182373271194820e+02
4.361750000000000349e-01 1.929774061516661732e+01 4.355035979502129351e+01 4.416159782031633085e+01 8.967211365939382404e+02 1.820625633598893955e+02
4.386500000000000399e-01 1.987384893735099922e+01 4.389833285570327348e+01 4.491200829896274627e+01 8.954062519189892555e+02 1.869219715046309602e+02
4.411250000000000449e-01 2.045312452326993480e+01 4.425347447183114014e+01 4.566767578057243782e+01 8.939510981938237819e+02 1.917935358544575877e+02
4.436000000000000498e-01 2.103552683954330860e+01 4.461572437547624759e+01 4.642855748341531807e+01 8.923578009853972617e+02 1.966743564132266329e+02
4.460750000000000548e-01 2.162101557991877598e+01 4.498501795262876612e+01 4.719461081211017017e+01 8.906284969764526522e+02 2.015615630476592344e+02
4.485500000000000598e-01 2.220955067252680237e+01 4.536128639762193870e+01 4.796579337137717403e+01 8.887653317636762722e+02 2.064523191467567642e+02
4.510250000000000647e-01 2.280109228676406019e+01 4.574445687045765396e+01 4.874206297899348783e+01 8.867704577341647791e+02 2.113438252822734569e+02
4.535000000000000697e-01 2.339560083981461958e+01 4.613445265606826240e+01 4.952337767797718016e+01 8.846460316262982815e+02 2.162333226157053048e+02
4.559750000000000192e-01 2.399303700281359397e+01 4.653119332539901620e+01 5.030969574802770694e+01 8.823942125248541970e+02 2.211180961251517658e+02
4.584500000000000242e-01 2.459336170666495036e+01 4.693459489765276516e+01 5.110097571624680768e+01 8.800171599257359958e+02 2.259954777026709394e+02
4.609250000000000291e-01 2.519653614752076010e+01 4.734457000379231317e+01 5.189717636716568450e+01 8.775170319359062887e+02 2.308628489916712283e+02
4.634000000000000341e-01 2.580252179193087159e+01 4.776102805019657893e+01 5.269825675210438476e+01 8.748959834764833658e+02 2.357176441734230252e+02
4.658750000000000391e-01 2.641128038167380510e+01 4.818387538334809506e+01 5.350417619788595402e+01 8.721561644079081361e+02 2.405573525030972064e+02
4.683500000000000441e-01 2.702277393827307606e+01 4.861301545374927002e+01 5.431489431493281472e+01 8.692997182191685397e+02 2.453795205916836153e+02
4.708250000000000490e-01 2.763696476721247564e+01 4.904834897996660459e+01 5.513037100476583419e+01 8.663287804786360766e+02 2.501817546324710122e+02
4.733000000000000540e-01 2.825381546185781190e+01 4.948977411172957375e+01 5.595056646693205948e+01 8.632454772125971658e+02 2.549617223479119446e+02
4.757750000000000590e-01 2.887328890709102325e+01 4.993718659220842682e+01 5.677544120538334482e+01 8.600519238113931806e+02 2.597171548397593028e+02
4.782500000000000639e-01 2.949534828266973818e+01 5.039047991906624446e+01 5.760495603432661937e+01 8.567502237705923562e+02 2.644458482028115895e+02
4.807250000000000689e-01 3.011995706631785197e+01 5.084954550393793937e+01 5.843907208357092031e+01 8.533424674636137297e+02 2.691456649861631263e+02
4.832000000000000739e-01 3.074707903655723840e+01 5.131427283024658692e+01 5.927775080338932412e+01 8.498307308683885140e+02 2.738145354565048137e+02
4.856750000000000234e-01 3.137667827528821363e+01 5.178454960887012248e+01 6.012095396891811561e+01 8.462170748020849942e+02 2.784504586692045791e+02
4.881500000000000283e-01 3.200871917012511858e+01 5.226026193160898714e+01 6.096864368411496571e+01 8.425035440227493382e+02 2.830515035164233950e+02
4.906250000000000333e-01 3.264316641650304973e+01 5.274129442255873812e+01 6.182078238529129521e+01 8.386921660951840067e+02 2.876158094409946102e+02
4.931000000000000383e-01 3.327998501955073607e+01 5.322753038628953703e+01 6.267733284424406293e+01 8.347849507873698940e+02 2.921415870063058833e+02
4.955750000000000433e-01 3.391914029575320910e+01 5.371885195360803067e+01 6.353825817099868800e+01 8.307838892015988677e+02 2.966271184576826840e+02
4.980500000000000482e-01 3.456059787439630782e+01 5.421514022426597990e+01 6.440352181618879968e+01 8.266909530540453943e+02 3.010707580308667275e+02
5.005249999999999977e-01 3.520432369881530121e+01 5.471627540657646449e+01 6.527308757308185250e+01 8.225080940524162543e+02 3.054709320378311759e+02
5.030000000000000027e-01 3.585028402744171672e+01 5.522213695342519202e+01 6.614691957927715293e+01 8.182372435310867331e+02 3.098261389734965405e+02
5.054750000000000076e-01 3.649844543466826963e+01 5.573260369545572956e+01 6.702498231808175433e+01 8.138803116639630844e+02 3.141349494114778054e+02
5.079500000000000126e-01 3.714877481152996097e+01 5.624755397014993719e+01 6.790724061958877655e+01 8.094391868284619704e+02 3.183960057521813951e+02
5.104250000000000176e-01 3.780123936621168923e+01 5.676686574780556782e+01 6.879365966147037170e+01 8.049157356364653424e+02 3.226080218861587241e+02
5.129000000000000226e-01 3.845580662439033404e+01 5.729041675334465111e+01 6.968420496952467147e+01 8.003118023661005509e+02 3.267697827399497328e+02
5.153750000000000275e-01 3.911244442941767829e+01 5.781808458485161850e+01 7.057884241784262258e+01 7.956292083824516794e+02 3.308801437108670598e+02
5.178500000000000325e-01 3.977112094234871620e+01 5.834974682780097766e+01 7.147753822896811471e+01 7.908697519995860148e+02 3.349380299356910768e+02
5.203250000000000375e-01 4.043180464182387368e+01 5.888528116570300597e+01 7.238025897360250838e+01 7.860352083121888427e+02 3.389424355414544721e+02
5.228000000000000425e-01 4.109446432381105296e+01 5.942456548660730675e+01 7.328697157020087616e+01 7.811273289016604622e+02 3.428924227822506055e+02
5.252750000000000474e-01 4.175906910121329929e+01 5.996747798588417311e+01 7.419764328434098388e+01 7.761478415228832546e+02 3.467871211185805009e+02
5.277500000000000524e-01 4.242558840334834258e+01 6.051389726490564414e+01 7.511224172790070952e+01 7.710984499917952917e+02 3.506257261185327820e+02
5.302250000000000574e-01 4.309399197530433412e+01 6.106370242566736550e+01 7.603073485805236942e+01 7.659808342597452793e+02 3.544074983731277371e+02
5.327000000000000624e-01 4.376424987718053217e+01 6.161677316158283446e+01 7.695309097608583215e+01 7.607966501486364450e+02 3.581317623420684981e+02
5.351750000000000673e-01 4.443633248321555129e+01 6.217298984422267694e+01 7.787927872607167501e+01 7.555475291428033415e+02 3.617979051103786219e+02
5.376500000000000723e-01 4.511021048080942819e+01 6.273223360617034672e+01 7.880926709337188640e+01 7.502350784845740463e+02 3.654053749853837871e+02
5.401250000000000773e-01 4.578585486944427885e+01 6.329438641955213996e+01 7.974302540301164299e+01 7.448608813577819774e+02 3.689536803024756182e+02
5.426000000000000822e-01 4.646323695950968613e+01 6.385933117154704064e+01 8.068052331791568577e+01 7.394264966694670420e+02 3.724423880205089858e+02
5.450750000000000872e-01 4.714232837103759266e+01 6.442695173513237705e+01 8.162173083702248277e+01 7.339334588770232131e+02 3.758711221330660237e+02
5.475500000000000922e-01 4.782310103234817689e+01 6.499713303646390727e+01 8.256661829328436397e+01 7.283832784232760105e+02 3.792395623135716392e+02
5.500250000000000972e-01 4.850552717861592100e+01 6.556976111841682098e+01 8.351515635155885775e+01 7.227774418084989065e+02 3.825474424322005120e+02
5.525000000000001021e-01 4.918957935035768969e+01 6.614472320057123511e+01 8.446731600640032411e+01 7.171174112693754523e+02 3.857945489724584149e+02
5.549750000000001071e-01 4.987523039184748086e+01 6.672190773525764484e+01 8.542306857975881940e+01 7.114046250629877477e+02 3.889807194639840304e+02
5.574500000000000011e-01 5.056245344945989473e+01 6.730120446029566494e+01 8.638238571859642434e+01 7.056404979567739701e+02 3.921058409783342995e+02
5.599250000000000060e-01 5.125122196995175727e+01 6.788250444817222728e+01 8.734523939242046708e+01 6.998264209792374686e+02 3.951698484870262860e+02
5.624000000000000110e-01 5.194150969868007905e+01 6.846570015168931889e+01 8.831160189074716982e+01 6.939637614173901738e+02 3.981727233003585980e+02
5.648750000000000160e-01 5.263329067776214742e+01 6.905068544647519957e+01 8.928144582049719702e+01 6.880538634201793684e+02 4.011144914664742487e+02
5.673500000000000210e-01 5.332653924418173119e+01 6.963735567002467519e+01 9.025474410333220021e+01 6.820980479414652109e+02 4.039952221958844234e+02
5.698250000000000259e-01 5.402123002784571781e+01 7.022560765784950831e+01 9.123146997293349614e+01 6.760976129006933206e+02 4.068150261600439421e+02
5.723000000000000309e-01 5.471733794959004626e+01 7.081533977595908880e+01 9.221159697223367857e+01 6.700538334598871870e+02 4.095740540545701833e+02
5.747750000000000359e-01 5.541483821914607688e+01 7.140645195138444024e+01 9.319509895059900373e+01 6.639679621400288170e+02 4.122724949062743462e+02
5.772500000000000409e-01 5.611370633305966749e+01 7.199884569844240900e+01 9.418195006097607802e+01 6.578412291842670356e+02 4.149105744642260447e+02
5.797250000000000458e-01 5.681391807257875826e+01 7.259242414344329575e+01 9.517212475699705010e+01 6.516748424376841058e+02 4.174885537752584241e+02
5.822000000000000508e-01 5.751544950149866509e+01 7.318709204581259087e+01 9.616559779005876862e+01 6.454699880836051307e+02 4.200067274921417493e+02
5.846750000000000558e-01 5.821827696397940599e+01 7.378275581702975217e+01 9.716234420636862978e+01 6.392278306532508623e+02 4.224654224435132619e+02
5.871500000000000608e-01 5.892237708233233207e+01 7.437932353686625220e+01 9.816233934396950644e+01 6.329495128562035688e+02 4.248649960773557268e+02
5.896250000000000657e-01 5.962772675477583562e+01 7.497670496720881772e+01 9.916555882974375891e+01 6.266361564822516357e+02 4.272058349386855980e+02
5.921000000000000707e-01 6.033430315317002623e+01 7.557481156340656980e+01 1.001719785763993968e+02 6.202888623971330162e+02 4.294883532767084944e+02
5.945750000000000757e-01 6.104208372072582733e+01 7.617355648368672405e+01 1.011815747794423714e+02 6.139087106614592813e+02 4.317129915856696130e+02
5.970500000000000806e-01 6.175104616969497329e+01 7.677285459602038031e+01 1.021943239141386357e+02 6.074967607307427215e+02 4.338802151428714637e+02
5.995250000000000856e-01 6.246116847904022507e+01 7.737262248316037017e+01 1.032102027324681330e+02 6.010540519885084905e+02 4.359905126420845818e+02
6.020000000000000906e-01 6.317242889208887391e+01 7.797277844550028192e+01 1.042291882600735562e+02 5.945816041652633430e+02 4.380443948694141341e+02
6.044750000000000956e-01 6.388480591417442156e+01 7.857324250232072416e+01 1.052512577932043314e+02 5.880804171657612187e+02 4.400423934026156871e+02
6.069500000000001005e-01 6.459827831026245804e+01 7.917393639101385361e+01 1.062763888956645815e+02 5.815514712477258854e+02 4.419850591655199423e+02
6.094250000000001055e-01 6.531282510256801288e+01 7.977478356439027607e+01 1.073045593957579058e+02 5.749957276750945994e+02 4.438729613132891245e+02
6.119000000000001105e-01 6.602842556816040087e+01 8.037570918695581668e+01 1.083357473832413689e+02 5.684141291167217105e+02 4.457066859687721490e+02
6.143750000000000044e-01 6.674505923656590767e+01 8.097664012894080088e+01 1.093699312062803983e+02 5.618075994755882903e+02 4.474868349463214372e+02
6.168500000000000094e-01 6.746270588735922047e+01 8.157750495934469370e+01 1.104070894684161885e+02 5.551770442760289370e+02 4.492140246856068870e+02
6.193250000000000144e-01 6.818134554775440392e+01 8.217823393737275239e+01 1.114472010255391297e+02 5.485233510503846901e+02 4.508888850706768494e+02
6.218000000000000194e-01 6.890095849018950958e+01 8.277875900264443487e+01 1.124902449828767885e+02 5.418473896071476474e+02 4.525120583142370947e+02
6.242750000000000243e-01 6.962152522991277692e+01 8.337901376403486609e+01 1.135362006919917803e+02 5.351500124718677398e+02 4.540841979045583230e+02
6.267500000000000293e-01 7.034302652256576494e+01 8.397893348751493647e+01 1.145850477477966933e+02 5.284320547670963606e+02 4.556059676001478351e+02
6.292250000000000343e-01 7.106544336177091736e+01 8.457845508280669833e+01 1.156367659855808370e+02 5.216943341660896749e+02 4.570780404250616016e+02
6.317000000000000393e-01 7.178875697671560374e+01 8.517751708909044339e+01 1.166913354780591590e+02 5.149376523200576230e+02 4.585010976426244724e+02
6.341750000000000442e-01 7.251294882974355005e+01 8.577605965952085398e+01 1.177487365324356006e+02 5.081627945831659190e+02 4.598758279147827466e+02
6.366500000000000492e-01 7.323800061395229477e+01 8.637402454532789875e+01 1.188089496874841871e+02 5.013705294602498270e+02 4.612029263600215927e+02
6.391250000000000542e-01 7.396389425078893964e+01 8.697135507850150304e+01 1.198719557106554703e+02 4.945616102253910071e+02 4.624830936641687913e+02
6.416000000000000592e-01 7.469061188765954284e+01 8.756799615423990701e+01 1.209377355951992286e+02 4.877367742914015594e+02 4.637170353337043025e+02
6.440750000000000641e-01 7.541813589554215014e+01 8.816389421238650925e+01 1.220062705573100175e+02 4.808967432748039528e+02 4.649054608228182133e+02
6.465500000000000691e-01 7.614644886660573775e+01 8.875899721833593503e+01 1.230775420332985277e+02 4.740422243874131709e+02 4.660490827758673618e+02
6.490250000000000741e-01 7.687553361184279765e+01 8.935325464325832456e+01 1.241515316767813601e+02 4.671739098732752495e+02 4.671486163470582937e+02
6.515000000000000790e-01 7.760537315870851671e+01 8.994661744401699366e+01 1.252282213558991089e+02 4.602924769803378808e+02 4.682047784304529614e+02
6.539750000000000840e-01 7.833595074877052866e+01 9.053903804219962126e+01 1.263075931505552489e+02 4.533985887391396545e+02 4.692182869837149610e+02
6.564500000000000890e-01 7.906724983536946638e+01 9.113047030310660546e+01 1.273896293496852650e+02 4.464928943663280734e+02 4.701898605133177398e+02
6.589250000000000940e-01 7.979925408129213338e+01 9.172086951427971258e+01 1.284743124485457884e+02 4.395760290692603007e+02 4.711202173128480695e+02
6.614000000000000989e-01 8.053194735645695346e+01 9.231019236338084966e+01 1.295616251460332933e+02 4.326486144398556348e+02 4.720100748927419545e+02
6.638750000000001039e-01 8.126531373561010696e+01 9.289839691611373951e+01 1.306515503420287132e+02 4.257112589496265400e+02 4.728601495072400098e+02
6.663500000000001089e-01 8.199933749603917477e+01 9.348544259375093191e+01 1.317440711347677507e+02 4.187645572929447439e+02 4.736711556114370296e+02
6.688250000000001139e-01 8.273400311529599094e+01 9.407129015053840249e+01 1.328391708182396087e+02 4.118090916465125702e+02 4.744438052995022872e+02
6.713000000000000078e-01 8.346929526893495677e+01 9.465590165067041539e+01 1.339368328796136893e+02 4.048454320600725964e+02 4.751788078513973801e+02
6.737750000000000128e-01 8.420519882827090896e+01 9.523924044542113165e+01 1.350370409966906209e+02 3.978741357211463878e+02 4.758768693006235253e+02
6.762500000000000178e-01 8.494169885814471854e+01 9.582127114990387895e+01 1.361397790353845494e+02 3.908957473508123712e+02 4.765386919978054152e+02
6.787250000000000227e-01 8.567878061471174078e+01 9.640195961998139751e+01 1.372450310472315778e+02 3.839107997834116190e+02 4.771649742563108703e+02
6.812000000000000277e-01 8.641642954323765480e+01 9.698127292900869634e+01 1.383527812669282184e+02 3.769198146097661493e+02 4.777564098465738311e+02
6.836750000000000327e-01 8.715463127592101955e+01 9.755917934436021710e+01 1.394630141098945160e+02 3.699233015139282088e+02 4.783136877489182552e+02
6.861500000000000377e-01 8.789337162972287842e+01 9.813564830442203402e+01 1.405757141698688883e+02 3.629217587931334492e+02 4.788374918723205838e+02
6.886250000000000426e-01 8.863263660421966961e+01 9.871065039528104990e+01 1.416908662165295709e+02 3.559156737847528120e+02 4.793285005896636335e+02
6.911000000000000476e-01 8.937241237946955152e+01 9.928415732743593480e+01 1.428084551931445958e+02 3.489055230940355727e+02 4.797873864864960751e+02
6.935750000000000526e-01 9.011268531389782765e+01 9.985614191272097173e+01 1.439284662142506477e+02 3.418917723539607323e+02 4.802148162296251144e+02
6.960500000000000576e-01 9.085344194220101599e+01 1.004265780415315845e+02 1.450508845633578403e+02 3.348748765117827588e+02 4.806114501199686515e+02
6.985250000000000625e-01 9.159466897326319668e+01 1.009954406595034584e+02 1.461756956906872347e+02 3.278552809407540849e+02 4.809779419311494166e+02
7.010000000000000675e-01 9.233635328809918974e+01 1.015627057451733890e+02 1.473028852109317768e+02 3.208334203223502641e+02 4.813149387914386352e+02
7.034750000000000725e-01 9.307848193780750989e+01 1.021283502871865778e+02 1.484324389010482719e+02 3.138097196615414646e+02 4.816230808659279319e+02
7.059500000000000774e-01 9.382104214154583133e+01 1.026923522620059543e+02 1.495643426980758477e+02 3.067845944339620701e+02 4.819030011210767839e+02
7.084250000000000824e-01 9.456402128452600664e+01 1.032546906113593650e+02 1.506985826969834079e+02 2.997584500291114296e+02 4.821553253379523198e+02
7.109000000000000874e-01 9.530740691602181869e+01 1.038153452207632199e+02 1.518351451485433472e+02 2.927316830056432195e+02 4.823806718738813970e+02
7.133750000000000924e-01 9.605118674740242568e+01 1.043742968971828304e+02 1.529740164572340291e+02 2.857046808617993179e+02 4.825796514118666209e+02
7.158500000000000973e-01 9.679534865017876655e+01 1.049315273477365338e+02 1.541151831791703444e+02 2.786778217376854059e+02 4.827528670452626329e+02
7.183250000000001023e-01 9.753988065407338581e+01 1.054870191583055430e+02 1.552586320200579166e+02 2.716514749379147133e+02 4.829009139632205461e+02
7.208000000000001073e-01 9.828477094510321876e+01 1.060407557722509466e+02 1.564043498331795945e+02 2.646260016163243449e+02 4.830243795394594031e+02
7.232750000000001123e-01 9.903000786368784247e+01 1.065927214699594003e+02 1.575523236174044541e+02 2.576017542561981486e+02 4.831238431235682356e+02
7.257500000000001172e-01 9.977557990277159661e+01 1.071429013477981300e+02 1.587025405152254507e+02 2.505790768177112398e+02 4.831998759335156706e+02
7.282250000000000112e-01 1.005214757059666226e+02 1.076912812981237835e+02 1.598549878108228768e+02 2.435583054444862228e+02 4.832530411837204838e+02
7.307000000000000162e-01 1.012676840657143202e+02 1.082378479892250311e+02 1.610096529281556741e+02 2.365397681590767718e+02 4.832838938132619546e+02
7.331750000000000211e-01 1.020141939214661306e+02 1.087825888453960914e+02 1.621665234290748003e+02 2.295237850250905751e+02 4.832929805310054121e+02
7.356500000000000261e-01 1.027609943578816001e+02 1.093254920276553719e+02 1.633255870114680874e+02 2.225106688928649135e+02 4.832808398741642577e+02
7.381250000000000311e-01 1.035080746030471346e+02 1.098665464146102266e+02 1.644868315074249949e+02 2.155007249455462102e+02 4.832480020628599391e+02
7.406000000000000361e-01 1.042554240267136265e+02 1.104057415834944607e+02 1.656502448814305808e+02 2.084942505177064902e+02 4.831949889815915640e+02
7.430750000000000410e-01 1.050030321385497700e+02 1.109430677916283514e+02 1.668158152285830056e+02 2.014915366686589095e+02 4.831223142551755814e+02
7.455500000000000460e-01 1.057508885864174317e+02 1.114785159582494032e+02 1.679835307728258158e+02 1.944928669599814555e+02 4.830304831865066149e+02
7.480250000000000510e-01 1.064989831546665755e+02 1.120120776464439132e+02 1.691533798652573068e+02 1.874985173948281840e+02 4.829199928413249836e+02
7.505000000000000560e-01 1.072473057624413286e+02 1.125437450457641262e+02 1.703253509823507557e+02 1.805087582898278811e+02 4.827913319568564248e+02
7.529750000000000609e-01 1.079958464620151517e+02 1.130735109545435932e+02 1.714994327243242651e+02 1.735238527949431955e+02 4.826449810002906133e+02
7.554500000000000659e-01 1.087445954371360131e+02 1.136013687632188578e+02 1.726756138134638832e+02 1.665440574498794319e+02 4.824814122929722657e+02
7.579250000000000709e-01 1.094935430013933910e+02 1.141273124374788068e+02 1.738538830924858303e+02 1.595696228468308675e+02 4.823010899140166998e+02
7.604000000000000759e-01 1.102426795966043755e+02 1.146513365019240496e+02 1.750342295229218053e+02 1.526007928212229103e+02 4.821044697960641088e+02
7.628750000000000808e-01 1.109919957912147765e+02 1.151734360239642143e+02 1.762166421835288475e+02 1.456378054624710501e+02 4.818919997579024539e+02
7.653500000000000858e-01 1.117414822787211506e+02 1.156936065980741830e+02 1.774011102687204584e+02 1.386808930490760190e+02 4.816641195710369630e+02
7.678250000000000908e-01 1.124911298761098806e+02 1.162118443303498054e+02 1.785876230870195513e+02 1.317302813653827798e+02 4.814212610139677508e+02
7.703000000000000957e-01 1.132409295223137633e+02 1.167281458233834002e+02 1.797761700595347065e+02 1.247861906522126532e+02 4.811638479342775554e+02
7.727750000000001007e-01 1.139908722766849678e+02 1.172425081614436237e+02 1.809667407184604144e+02 1.178488362083673451e+02 4.808922962593556463e+02
7.752500000000001057e-01 1.147409493174895943e+02 1.177549288958533253e+02 1.821593247055928941e+02 1.109184270865513753e+02 4.806070141276019854e+02
7.777250000000001107e-01 1.154911519404161027e+02 1.182654060309186832e+02 1.833539117708729691e+02 1.039951667762663305e+02 4.803084019213099509e+02
7.802000000000001156e-01 1.162414715571010220e+02 1.187739380098334010e+02 1.845504917709483834e+02 9.707925436828581667e+01 4.799968523586197193e+02
7.826750000000001206e-01 1.169918996936748954e+02 1.192805237012490096e+02 1.857490546677545353e+02 9.017088337286310207e+01 4.796727505451074762e+02
7.851500000000001256e-01 1.177424279893234598e+02 1.197851623857230408e+02 1.869495905271190850e+02 8.327024155348232171e+01 4.793364740479485135e+02
7.876250000000000195e-01 1.184930481948647412e+02 1.202878537428704817e+02 1.881520895173852068e+02 7.637751253524062633e+01 4.789883930644767815e+02
7.901000000000000245e-01 1.192437521713438855e+02 1.207885978385798893e+02 1.893565419080553056e+02 6.949287512850976611e+01 4.786288703417149009e+02
7.925750000000000295e-01 1.199945318886477708e+02 1.212873951123981726e+02 1.905629380684524676e+02 6.261650266203827897e+01 4.782582614197783073e+02
7.950500000000000345e-01 1.207453794241291689e+02 1.217842463656500627e+02 1.917712684664048766e+02 5.574856450024328325e+01 4.778769146367297935e+02
7.975250000000000394e-01 1.214962869612552367e+02 1.222791527492142336e+02 1.929815236669470551e+02 5.066672201606507997e+01 4.774851712010507754e+02
8.000000000000000444e-01 1.222472467882666933e+02 1.227721157521667692e+02 1.941936943310396373e+02 4.735595253299922547e+01 4.770824849908124179e+02
