# n_fm^-3 epsilon_MeVfm^-3 P_MeVfm^-3 Yp
1.529124085396230430e-03 1.437527064520567999e+00 8.836831148184137990e-04 7.407673801925589716e-05
1.587176238748534002e-03 1.492136239586397961e+00 9.313470424680995790e-04 7.744579532633005055e-05
1.647432302523166780e-03 1.548820469127619281e+00 9.814058810281814805e-04 8.096396710942824313e-05
1.709975946676698050e-03 1.607658624086663934e+00 1.033965867002222157e-03 8.463831790009083923e-05
1.774894017638545957e-03 1.668732573787961693e+00 1.089136812959977428e-03 8.847627004583010998e-05
1.842276658903622098e-03 1.732127299905929618e+00 1.147032133640838933e-03 9.248562337605089928e-05
1.912217436203150116e-03 1.797931014760247193e+00 1.207768863534674445e-03 9.667457606353673286e-05
1.984813467427554764e-03 1.866235284102759850e+00 1.271467664814227190e-03 1.010517467614431607e-04
2.060165557481753989e-03 1.937135154565879480e+00 1.338252825066595835e-03 1.056261981010439321e-04
2.138378338260152334e-03 2.010729285949398371e+00 1.408252243709291274e-03 1.104074616425155576e-04
2.219560413935688873e-03 2.087120088528406914e+00 1.481597406888482838e-03 1.154055643771831411e-04
2.303824511764681303e-03 2.166413865573160180e+00 1.558423349477104343e-03 1.206310568872344564e-04
2.391287638616880051e-03 2.248720961277809405e+00 1.638868603924748457e-03 1.260950432772001335e-04
2.482071243448062681e-03 2.334155914302812995e+00 1.723075135420078273e-03 1.318092129987533849e-04
2.576301385940816657e-03 2.422837617143968281e+00 1.811188262531512405e-03 1.377858747009629156e-04
2.674108911547631341e-03 2.514889481548338690e+00 1.903356563304261454e-03 1.440379922473745869e-04
2.775629633179387337e-03 2.610439610206324090e+00 1.999731766440888438e-03 1.505792230513319579e-04
2.881004519791532242e-03 2.709620974957313688e+00 2.100468627828292259e-03 1.574239588940527432e-04
2.990379892129794558e-03 2.812571601756181483e+00 2.205724792165284377e-03 1.645873694002372343e-04
3.103907625907256513e-03 2.919434762656032856e+00 2.315660641022334373e-03 1.720854483612504603e-04
3.221745362694890431e-03 3.030359175073704670e+00 2.430439127632341711e-03 1.799350631091979256e-04
3.344056728818439825e-03 3.145499208613324882e+00 2.550225600619738121e-03 1.881540071611737821e-04
3.471011562565543603e-03 3.265015099735651738e+00 2.675187617371457219e-03 1.967610563692319772e-04
3.602786150018634850e-03 3.389073174569122493e+00 2.805494751315452950e-03 2.057760288307173711e-04
3.739563469841074902e-03 3.517846080173018031e+00 2.941318394934227306e-03 2.152198488312848297e-04
3.881533447356427021e-03 3.651513024572455635e+00 3.082831563830211105e-03 2.251146151161003350e-04
4.028893218273676448e-03 3.790260025899199636e+00 3.230208706244850833e-03 2.354836738048392167e-04
4.181847402424576990e-03 3.934280170983349478e+00 3.383625525386609999e-03 2.463516962925037571e-04
4.340608387893316565e-03 4.083773883756760981e+00 3.543258821021921540e-03 2.577447625027370751e-04
4.505396625932862886e-03 4.238949203839738722e+00 3.709286361380693172e-03 2.696904498888367976e-04
4.676440937077717963e-03 4.400022075700519508e+00 3.881886795219642063e-03 2.822179286080354899e-04
4.853978828877963773e-03 4.567216648790327405e+00 4.061239617510986263e-03 2.953580633263344787e-04
5.038256825695888036e-03 4.740765589072104547e+00 4.247525205417277197e-03 3.091435221470518915e-04
5.229530811023119785e-03 4.920910402379827353e+00 4.440924941586360704e-03 3.236088931913985787e-04
5.428066382793566430e-03 5.107901770060221835e+00 4.641621447251850427e-03 3.387908094014263085e-04
5.634139222185649901e-03 5.301999897368537162e+00 4.849798949615234320e-03 3.547280821765534404e-04
5.848035476425734493e-03 5.503474875107444930e+00 5.065643813110968195e-03 3.714618445011134756e-04
6.070052156124562323e-03 5.712607055019425673e+00 5.289345267758478568e-03 3.890357042755370636e-04
6.300497547698204887e-03 5.929687439462493437e+00 5.521096373651519090e-03 4.074959085625827677e-04
6.539691641446334670e-03 6.155018085921477144e+00 5.761095266240421134e-03 4.268915196756140540e-04
6.787966575882186000e-03 6.388912526929711788e+00 6.009546733588577196e-03 4.472746038206013215e-04
7.045667098931172531e-03 6.631696205999762839e+00 6.266664184347258727e-03 4.687004333416313587e-04
7.313151046638697618e-03 6.883706930186992423e+00 6.532672073694775761e-03 4.912277035139643198e-04
7.590789840051600026e-03 7.145295339936493129e+00 6.807808862975745813e-03 5.149187649541064112e-04
7.878969000963586405e-03 7.416825396891463029e+00 7.092330600385735907e-03 5.398398727764666238e-04
8.178088687240363600e-03 7.698674890369145096e+00 7.386515221945007259e-03 5.660614536979898491e-04
8.488564248468211809e-03 7.991235963244372797e+00 7.690667682994969598e-03 5.936583923686843643e-04
8.810826802697267063e-03 8.294915658010259207e+00 8.005126047403424497e-03 6.227103382788722052e-04
9.145323835080501618e-03 8.610136483819999853e+00 8.330268678159434906e-03 6.533020346716571745e-04
9.492519819239639278e-03 8.937337005354345720e+00 8.666522686822220045e-03 6.855236709672270397e-04
9.852896862220733923e-03 9.276972454390232770e+00 9.014373826548646371e-03 7.194712602761938912e-04
1.022695537393521724e-02 9.629515364994514215e+00 9.374378028110372588e-03 7.552470436566180488e-04
1.061521476201555785e-02 9.995456233304405913e+00 9.747174807638444780e-03 7.929599228309912925e-04
1.101821415305090368e-02 1.037530420290446465e+01 1.013350279984560377e-02 8.327259231433721629e-04
1.143651314120377842e-02 1.076958777685752011e+01 1.053421770036397365e-02 8.746686885835187582e-04
1.187069256524755576e-02 1.117885555749856330e+01 1.095031293335631782e-02 9.189200107425574962e-04
1.232135531510361766e-02 1.160367701515682270e+01 1.138294339444275750e-02 9.656203935788304840e-04
1.278912716899817566e-02 1.204464328702653830e+01 1.183345266033012169e-02 1.014919655871243578e-03
1.327465766240114309e-02 1.250236800747127752e+01 1.230340409581789050e-02 1.066977573196090621e-03
1.377862098995370418e-02 1.297748817111310515e+01 1.279461633359983870e-02 1.121964561193163372e-03
1.430171694163691505e-02 1.347066503012461780e+01 1.330920365431134157e-02 1.180062401766160656e-03
1.484467187448136605e-02 1.398258502722140406e+01 1.384962184124464459e-02 1.241465013684121951e-03
1.540823972116708157e-02 1.451396076592864226e+01 1.441872014336306566e-02 1.306379268804808364e-03
1.599320303691426429e-02 1.506553201978220180e+01 1.501980003673508007e-02 1.375025854803722152e-03
1.660037408611848495e-02 1.563806678221291513e+01 1.565668153801615115e-02 1.447640184869822396e-03
1.723059597023931730e-02 1.623236235896362345e+01 1.633377788294036043e-02 1.524473354250498658e-03
1.788474379850842413e-02 1.684924650498441068e+01 1.705617945460197182e-02 1.605793142842476453e-03
1.856372590308277837e-02 1.748957860786507368e+01 1.782974790889867156e-02 1.691885062133339883e-03
1.926848510033042639e-02 1.815425091997778040e+01 1.866122151188304504e-02 1.783053443713176383e-03
2.000000000000000042e-02 1.884418984162446620e+01 1.955833277022521466e-02 1.879622565245531434e-03
2.066666666666666652e-02 1.947299537987485252e+01 2.040908496377757952e-02 1.969344022890364993e-03
2.133333333333333262e-02 2.010182890808434664e+01 2.129422356953144038e-02 2.060691647011323770e-03
2.199999999999999872e-02 2.073069066743710565e+01 2.221641348206273084e-02 2.153657834693655133e-03
2.266666666666666829e-02 2.135958096516565874e+01 2.317831087011465452e-02 2.248234616597522169e-03
2.333333333333333440e-02 2.198850016840260579e+01 2.418255909628768546e-02 2.344413631647588019e-03
2.400000000000000050e-02 2.261744869862366869e+01 2.523178501850566538e-02 2.442186104769661966e-03
2.466666666666666660e-02 2.324642702661147808e+01 2.632859562605971426e-02 2.541542827323109693e-03
2.533333333333333270e-02 2.387543566787628890e+01 2.747557497345993333e-02 2.642474139942235008e-03
2.600000000000000228e-02 2.450447517848264667e+01 2.867528137732293717e-02 2.744969917533335649e-03
2.666666666666666491e-02 2.513354615123434144e+01 2.993024484960250461e-02 2.849019556220770775e-03
2.733333333333333448e-02 2.576264921218111681e+01 3.124296474014899572e-02 2.954611962059970100e-03
2.800000000000000058e-02 2.639178501740955340e+01 3.261590757053541012e-02 3.061735541359814940e-03
2.866666666666666669e-02 2.702095425009115814e+01 3.405150503825388891e-02 3.170378192484451293e-03
2.933333333333333279e-02 2.765015761776054504e+01 3.555215217593653970e-02 3.280527299013680231e-03
2.999999999999999889e-02 2.827939584980039456e+01 3.712020565253218440e-02 3.392169724163510841e-03
3.066666666666666846e-02 2.890866969511416684e+01 3.875798220270919997e-02 3.505291806374803958e-03
3.133333333333333109e-02 2.953797991996839656e+01 4.046775717459033528e-02 3.619879355993612085e-03
3.200000000000000067e-02 3.016732730598863554e+01 4.225176318602667097e-02 3.735917652971820335e-03
3.266666666666666330e-02 3.079671264829593014e+01 4.411218888069877442e-02 3.853391445526994485e-03
3.333333333333333287e-02 3.142613675377065618e+01 4.605117777707345983e-02 3.972284949737112277e-03
3.400000000000000244e-02 3.205560043943349768e+01 4.807082720287719074e-02 4.092581849819140923e-03
3.466666666666666508e-02 3.268510453093266221e+01 5.017318731001146892e-02 4.214265299569015452e-03
3.533333333333333465e-02 3.331464986113056881e+01 5.236026016294854923e-02 4.337317924196500835e-03
3.600000000000000422e-02 3.394423726877892022e+01 5.463399889852902508e-02 4.461721823081694904e-03
3.666666666666666685e-02 3.457386759727861403e+01 5.699630694958969512e-02 4.587458573184436533e-03
3.733333333333332948e-02 3.520354169351536200e+01 5.944903733109825616e-02 4.714509233112194019e-03
3.799999999999999906e-02 3.583326040676660540e+01 6.199399198402717054e-02 4.842854347818013709e-03
3.866666666666666863e-02 3.646302458767397070e+01 6.463292117417382410e-02 4.972473953898593618e-03
3.933333333333333126e-02 3.709283508727697409e+01 6.736752294255082818e-02 5.103347585466920001e-03
4.000000000000000083e-02 3.772269275610277361e+01 7.019944261523919371e-02 5.235454280523726273e-03
4.066666666666667040e-02 3.835259844330971646e+01 7.313027231431777631e-02 5.368772588071888015e-03
4.133333333333333304e-02 3.898255299587853528e+01 7.616155059874236966e-02 5.503280575326378703e-03
4.199999999999999567e-02 3.961255725785101589e+01 7.929476206707611330e-02 5.638955835777470851e-03
4.266666666666666524e-02 4.024261206961043769e+01 8.253133703918524855e-02 5.775775497533241522e-03
4.333333333333333481e-02 4.087271826720249379e+01 8.587265126954699013e-02 5.913716232128616961e-03
4.399999999999999745e-02 4.150287668169422517e+01 8.932002569741435971e-02 6.052754263749200031e-03
4.466666666666666702e-02 4.213308813856785662e+01 9.287472623303077990e-02 6.192865378847463471e-03
4.533333333333333659e-02 4.276335345714786484e+01 9.653796357793260896e-02 6.334024936132097786e-03
4.599999999999999922e-02 4.339367345006054677e+01 1.003108930771697133e-01 6.476207876913007803e-03
4.666666666666666186e-02 4.402404892272024739e+01 1.041946146059886807e-01 6.619388735779527071e-03
4.733333333333333143e-02 4.465448067284738443e+01 1.081901724826480199e-01 6.763541651596855116e-03
4.800000000000000100e-02 4.528496949000870586e+01 1.122985554150461585e-01 6.908640378801332062e-03
4.866666666666666363e-02 4.591551615518578444e+01 1.165206964716554716e-01 7.054658298973425987e-03
4.933333333333333320e-02 4.654612144036477872e+01 1.208574730825754673e-01 7.201568432675687151e-03
5.000000000000000278e-02 4.717678610814955675e+01 1.253097070653219902e-01 7.349343451533482847e-03
5.066666666666666541e-02 4.780751091139577369e+01 1.298781646760930331e-01 7.497955690545713217e-03
5.133333333333332804e-02 4.843829659286505063e+01 1.345635566861813348e-01 7.647377160603782351e-03
5.200000000000000455e-02 4.906914388489831680e+01 1.393665384809126273e-01 7.797579561204645050e-03
5.266666666666666718e-02 4.970005350910692954e+01 1.442877101825875696e-01 7.948534293342605569e-03
5.333333333333332982e-02 5.033102617608165730e+01 1.493276167944403432e-01 8.100212472559629312e-03
5.399999999999999245e-02 5.096206258511837461e+01 1.544867483656894303e-01 8.252584942142492802e-03
5.466666666666666896e-02 5.159316342395806032e+01 1.597655401788919960e-01 8.405622286446175553e-03
5.533333333333333159e-02 5.222432936854378482e+01 1.651643729545596018e-01 8.559294844332349106e-03
5.599999999999999423e-02 5.285556108279054399e+01 1.706835730768589410e-01 8.713572722706265650e-03
5.666666666666667074e-02 5.348685921836976576e+01 1.763234128367854869e-01 8.868425810134427517e-03
5.733333333333333337e-02 5.411822441450588883e+01 1.820841106940772336e-01 9.023823790532127867e-03
5.799999999999999600e-02 5.474965729778703150e+01 1.879658315549883607e-01 9.179736156903692268e-03
5.866666666666667251e-02 5.538115848198636115e+01 1.939686870680690789e-01 9.336132225123193115e-03
5.933333333333333515e-02 5.601272856789540810e+01 2.000927359353985580e-01 9.492981147739611505e-03
5.999999999999999778e-02 5.664436814316874802e+01 2.063379842393134878e-01 9.650251927795276685e-03
6.066666666666666041e-02 5.727607778217900147e+01 2.127043857840633101e-01 9.807913432642298424e-03
6.133333333333333692e-02 5.790785804588240637e+01 2.191918424520106490e-01 9.965934407746143350e-03
6.199999999999999956e-02 5.853970948169336452e+01 2.258002045738766450e-01 1.012428349046102030e-02
6.266666666666666219e-02 5.917163262336968899e+01 2.325292713118203569e-01 1.028292922376914525e-02
6.333333333333333870e-02 5.980362799090564607e+01 2.393787910564030008e-01 1.044184006996717352e-02
6.400000000000000133e-02 6.043569609043434099e+01 2.463484618354205014e-01 1.060098442429202766e-02
6.466666666666666397e-02 6.106783741413875077e+01 2.534379317344253035e-01 1.076033062847317999e-02
6.533333333333332660e-02 6.170005244017036716e+01 2.606467993296728292e-01 1.091984698420243004e-02
6.600000000000000311e-02 6.233234163257544935e+01 2.679746141318947728e-01 1.107950176650691725e-02
6.666666666666666574e-02 6.296470544122972512e+01 2.754208770404474871e-01 1.123926323702212696e-02
6.733333333333332837e-02 6.359714430177920974e+01 2.829850408083855462e-01 1.139909965714769498e-02
6.800000000000000488e-02 6.422965863558864896e+01 2.906665105174172647e-01 1.155897930108221866e-02
6.866666666666666752e-02 6.486224884969654170e+01 2.984646440623089925e-01 1.171887046872655165e-02
6.933333333333333015e-02 6.549491533677667121e+01 3.063787526446265508e-01 1.187874149844664849e-02
6.999999999999999278e-02 6.612765847510611650e+01 3.144081012753616733e-01 1.203856077968819618e-02
7.066666666666666929e-02 6.676047862853876325e+01 3.225519092864914672e-01 1.219829676543640433e-02
7.133333333333333193e-02 6.739337614648486863e+01 3.308093508508894720e-01 1.235791798451253351e-02
7.199999999999999456e-02 6.802635136389721993e+01 3.391795555091108305e-01 1.251739305369970606e-02
7.266666666666667107e-02 6.865940460126098799e+01 3.476616087058440607e-01 1.267669068969418458e-02
7.333333333333333370e-02 6.929253616459037346e+01 3.562545523322729335e-01 1.283577972087321384e-02
7.399999999999999634e-02 6.992574634542984313e+01 3.649573852760196191e-01 1.299462909887327995e-02
7.466666666666665897e-02 7.055903542085997060e+01 3.737690639786290236e-01 1.315320790997838614e-02
7.533333333333333548e-02 7.119240365350859179e+01 3.826885029989277598e-01 1.331148538630608398e-02
7.599999999999999811e-02 7.182585129156643688e+01 3.917145755836221599e-01 1.346943091679209115e-02
7.666666666666666075e-02 7.245937856880712502e+01 4.008461142434127100e-01 1.362701405796774325e-02
7.733333333333333726e-02 7.309298570461126587e+01 4.100819113363133872e-01 1.378420454452289161e-02
7.799999999999999989e-02 7.372667290399564877e+01 4.194207196553982331e-01 1.394097229965862196e-02
7.866666666666666252e-02 7.436044035764525972e+01 4.288612530239983012e-01 1.409728744521688941e-02
7.933333333333332515e-02 7.499428824195058496e+01 4.384021868945841005e-01 1.425312031159003956e-02
8.000000000000000167e-02 7.562821671904765708e+01 4.480421589547499694e-01 1.440844144740717654e-02
8.066666666666666430e-02 7.626222593686222240e+01 4.577797697376205233e-01 1.456322162899317818e-02
8.133333333333332693e-02 7.689631602915775943e+01 4.676135832370620915e-01 1.471743186959889073e-02
8.200000000000000344e-02 7.753048711558665218e+01 4.775421275289565282e-01 1.487104342840041629e-02
8.266666666666666607e-02 7.816473930174480245e+01 4.875638953965337752e-01 1.502402781926857889e-02
8.333333333333332871e-02 7.879907267922989433e+01 4.976773449604158239e-01 1.517635681930199973e-02
8.400000000000000522e-02 7.943348732570208881e+01 5.078809003142833456e-01 1.532800247712921317e-02
8.466666666666666785e-02 8.006798330494896732e+01 5.181729521637621350e-01 1.547893712097335797e-02
8.533333333333333048e-02 8.070256066695236541e+01 5.285518584713144730e-01 1.562913336648399237e-02
8.600000000000000699e-02 8.133721944795900072e+01 5.390159451041135474e-01 1.577856412433045058e-02
8.666666666666666963e-02 8.197195967055314725e+01 5.495635064879630383e-01 1.592720260756203335e-02
8.733333333333333226e-02 8.260678134373317505e+01 5.601928062635268546e-01 1.607502233873139841e-02
8.799999999999999489e-02 8.324168446298992308e+01 5.709020779486496666e-01 1.622199715678393148e-02
8.866666666666667140e-02 8.387666901038797107e+01 5.816895256037284412e-01 1.636810122371153489e-02
8.933333333333333404e-02 8.451173495464944097e+01 5.925533245020868645e-01 1.651330903097372391e-02
8.999999999999999667e-02 8.514688225124062626e+01 6.034916218036059377e-01 1.665759540568610350e-02
9.066666666666667318e-02 8.578211084246072460e+01 6.145025372333768887e-01 1.680093551657577122e-02
9.133333333333333581e-02 8.641742065753278723e+01 6.255841637639910635e-01 1.694330487970359747e-02
9.199999999999999845e-02 8.705281161269763857e+01 6.367345683016385482e-01 1.708467936397484871e-02
9.266666666666667496e-02 8.768828361130991311e+01 6.479517923764741560e-01 1.722503519640103398e-02
9.333333333333333759e-02 8.832383654393538563e+01 6.592338528377852391e-01 1.736434896714149703e-02
9.400000000000000022e-02 8.895947028845186821e+01 6.705787425518348055e-01 1.750259763432815766e-02
9.466666666666666285e-02 8.959518471015107366e+01 6.819844311048701702e-01 1.763975852866506502e-02
9.533333333333333937e-02 9.023097966184373320e+01 6.934488655090453868e-01 1.777580935780709304e-02
9.600000000000000200e-02 9.086685498396515470e+01 7.049699709138823600e-01 1.791072821052383524e-02
9.666666666666666463e-02 9.150281050468443311e+01 7.165456513202791422e-01 1.804449356064538948e-02
9.733333333333334114e-02 9.213884604001448508e+01 7.281737902989462441e-01 1.817708427090009363e-02
9.800000000000000377e-02 9.277496139392449948e+01 7.398522517144555666e-01 1.830847959602912439e-02
9.866666666666666641e-02 9.341115635845420684e+01 7.515788804497105513e-01 1.843865918671562520e-02
9.933333333333332904e-02 9.404743071382964104e+01 7.633515031382435145e-01 1.856760309228728048e-02
1.000000000000000056e-01 9.468378422858143040e+01 7.751679288983168714e-01 1.869529176372547452e-02
1.006666666666666682e-01 9.532021665966365731e+01 7.870259500722026624e-01 1.882170605637519673e-02
1.013333333333333308e-01 9.595672775257602893e+01 7.989233429684675647e-01 1.894682723245423583e-02
1.020000000000000073e-01 9.659331724148648846e+01 8.108578686087940524e-01 1.907063696337096131e-02
1.026666666666666700e-01 9.722998484935598640e+01 8.228272734793646848e-01 1.919311733184753468e-02
1.033333333333333326e-01 9.786673028806501407e+01 8.348292902851957020e-01 1.931425083385779340e-02
1.039999999999999952e-01 9.850355325854116018e+01 8.468616387096192799e-01 1.943402038037569252e-02
1.046666666666666717e-01 9.914045345088933914e+01 8.589220261768929499e-01 1.955240929894454249e-02
1.053333333333333344e-01 9.977743054452238880e+01 8.710081486194312106e-01 1.966940133506020830e-02
1.059999999999999970e-01 1.004144842082941977e+02 8.831176912486621289e-01 1.978498065338361520e-02
1.066666666666666735e-01 1.010516141006336852e+02 8.952483293300267375e-01 1.989913183877529274e-02
1.073333333333333361e-01 1.016888198696807706e+02 9.073977289620833719e-01 2.001183989716070685e-02
1.079999999999999988e-01 1.023261011534232949e+02 9.195635478594190726e-01 2.012309025622514153e-02
1.086666666666666614e-01 1.029634575798358185e+02 9.317434361399088427e-01 2.023286876594360129e-02
1.093333333333333379e-01 1.036008887670196970e+02 9.439350371151250529e-01 2.034116169895158754e-02
1.100000000000000006e-01 1.042383943233448917e+02 9.561359880847245529e-01 2.044795575074995556e-02
1.106666666666666632e-01 1.048759738475925190e+02 9.683439211359385901e-01 2.055323803976015148e-02
1.113333333333333397e-01 1.055136269290990896e+02 9.805564639453638875e-01 2.065699610722031981e-02
1.120000000000000023e-01 1.061513531479027819e+02 9.927712405846977894e-01 2.075921791693425070e-02
1.126666666666666650e-01 1.067891520748897847e+02 1.004985872331459751e+00 2.085989185487050965e-02
1.133333333333333276e-01 1.074270232719428577e+02 1.017197978481969134e+00 2.095900672861650618e-02
1.140000000000000041e-01 1.080649662920909861e+02 1.029405177168484897e+00 2.105655176669305254e-02
1.146666666666666667e-01 1.087029806796601576e+02 1.041605086179888229e+00 2.115251661772499236e-02
1.153333333333333294e-01 1.093410659704261150e+02 1.053795323785374993e+00 2.124689134948009803e-02
1.160000000000000059e-01 1.099792216917668384e+02 1.065973509562977650e+00 2.133966644777062632e-02
1.166666666666666685e-01 1.106174473628181261e+02 1.078137265229136110e+00 2.143083281522710840e-02
1.173333333333333311e-01 1.112557424946287483e+02 1.090284215473769303e+00 2.152038176993975246e-02
1.179999999999999938e-01 1.118941065903183585e+02 1.102411988796154318e+00 2.160830504397926941e-02
1.186666666666666703e-01 1.125325391452351340e+02 1.114518218346446599e+00 2.169459478179015799e-02
1.193333333333333329e-01 1.131710396471155917e+02 1.126600542767803415e+00 2.177924353846783651e-02
1.199999999999999956e-01 1.138096075762448010e+02 1.138656607042639601e+00 2.186224427790479929e-02
1.206666666666666721e-01 1.144482424056187995e+02 1.150684063341189445e+00 2.194359037087486447e-02
1.213333333333333347e-01 1.150869436011067819e+02 1.162680571872653168e+00 2.202327559290152836e-02
1.219999999999999973e-01 1.157257106216156046e+02 1.174643801738489035e+00 2.210129412212066130e-02
1.226666666666666738e-01 1.163645429192548022e+02 1.186571431788715936e+00 2.217764053698158613e-02
1.233333333333333365e-01 1.170034399395021296e+02 1.198461151479709663e+00 2.225230981385734400e-02
1.239999999999999991e-01 1.176424011213715772e+02 1.210310661734365745e+00 2.232529732454843416e-02
1.246666666666666617e-01 1.182814258975811725e+02 1.222117675803735093e+00 2.239659883368991938e-02
1.253333333333333244e-01 1.189205136947220325e+02 1.233879920131120134e+00 2.246621049605938836e-02
1.260000000000000009e-01 1.195596639334290785e+02 1.245595135216722937e+00 2.253412885378926200e-02
1.266666666666666496e-01 1.201988760285518794e+02 1.257261076484119888e+00 2.260035083348811702e-02
1.273333333333333262e-01 1.208381493893269578e+02 1.268875515148457200e+00 2.266487374326886170e-02
1.280000000000000027e-01 1.214774834195509925e+02 1.280436239084369543e+00 2.272769526968985293e-02
1.286666666666666514e-01 1.221168775177545882e+02 1.291941053695824015e+00 2.278881347461109499e-02
1.293333333333333279e-01 1.227563310773775243e+02 1.303387782786170845e+00 2.284822679196461467e-02
1.300000000000000044e-01 1.233958434869442300e+02 1.314774269451786326e+00 2.290593402439961707e-02
1.306666666666666532e-01 1.240354141302407243e+02 1.326098376864377038e+00 2.296193434004146355e-02
1.313333333333333297e-01 1.246750423864921942e+02 1.337357989266844127e+00 2.301622726883568656e-02
1.320000000000000062e-01 1.253147276305409150e+02 1.348551012764329649e+00 2.306881269911418772e-02
1.326666666666666550e-01 1.259544692330255486e+02 1.359675376213450138e+00 2.311969087395646799e-02
1.333333333333333315e-01 1.265942665605614366e+02 1.370729032090112431e+00 2.316886238750469687e-02
1.339999999999999802e-01 1.272341189759203388e+02 1.381709957359347429e+00 2.321632818120692235e-02
1.346666666666666567e-01 1.278740258382129724e+02 1.392616154340873047e+00 2.326208953999876761e-02
1.353333333333333333e-01 1.285139865030694750e+02 1.403445651575904840e+00 2.330614808841392424e-02
1.359999999999999820e-01 1.291540003228239186e+02 1.414196504689912315e+00 2.334850578663744472e-02
1.366666666666666585e-01 1.297940666466962796e+02 1.424866797255448958e+00 2.338916492649644255e-02
1.373333333333333350e-01 1.304341848209772650e+02 1.435454641651312979e+00 2.342812812739028527e-02
1.379999999999999838e-01 1.310743541892122721e+02 1.445958179920584286e+00 2.346539833216752455e-02
1.386666666666666603e-01 1.317145740923869255e+02 1.456375584624584718e+00 2.350097880294629155e-02
1.393333333333333368e-01 1.323548438691128979e+02 1.466705059694366042e+00 2.353487311688031922e-02
1.399999999999999856e-01 1.329951628558134473e+02 1.476944841280357856e+00 2.356708516187804026e-02
1.406666666666666621e-01 1.336355303869110571e+02 1.487093198595340393e+00 2.359761913226879337e-02
1.413333333333333386e-01 1.342759457950137971e+02 1.497148434756772728e+00 2.362647952442543942e-02
1.419999999999999873e-01 1.349164084111032480e+02 1.507108887623400673e+00 2.365367113233835666e-02
1.426666666666666639e-01 1.355569175647224540e+02 1.516972930627339844e+00 2.367919904314948198e-02
1.433333333333333126e-01 1.361974725841641032e+02 1.526738973602649097e+00 2.370306863264289715e-02
1.439999999999999891e-01 1.368380727966595032e+02 1.536405463607448008e+00 2.372528556069725125e-02
1.446666666666666656e-01 1.374787175285670457e+02 1.545970885742778300e+00 2.374585576669855855e-02
1.453333333333333144e-01 1.381194061055620068e+02 1.555433763963222082e+00 2.376478546492014413e-02
1.459999999999999909e-01 1.387601378528258635e+02 1.564792661884061964e+00 2.378208113986609445e-02
1.466666666666666397e-01 1.394009120952355545e+02 1.574046183582080038e+00 2.379774954158384026e-02
1.473333333333333162e-01 1.400417281575541608e+02 1.583192974387871876e+00 2.381179768094632623e-02
1.479999999999999927e-01 1.406825853646201097e+02 1.592231721674104428e+00 2.382423282490509636e-02
1.486666666666666414e-01 1.413234830415377701e+02 1.601161155635131950e+00 2.383506249171738270e-02
1.493333333333333179e-01 1.419644205138675659e+02 1.609980050060065171e+00 2.384429444614838758e-02
1.499999999999999944e-01 1.426053971078160316e+02 1.618687223097810435e+00 2.385193669464947749e-02
1.506666666666666432e-01 1.432464121504262664e+02 1.627281538014271556e+00 2.385799748051677452e-02
1.513333333333333197e-01 1.438874649697677910e+02 1.635761903941994388e+00 2.386248527902829625e-02
1.519999999999999962e-01 1.445285548951272006e+02 1.644127276620667599e+00 2.386540879256516742e-02
1.526666666666666450e-01 1.451696812571974533e+02 1.652376659129409786e+00 2.386677694571495353e-02
1.533333333333333215e-01 1.458108433882686938e+02 1.660509102609097454e+00 2.386659888036344115e-02
1.539999999999999980e-01 1.464520406224167743e+02 1.668523706977222743e+00 2.386488395077075372e-02
1.546666666666666468e-01 1.470932722956939074e+02 1.676419621631215939e+00 2.386164171863906086e-02
1.553333333333333233e-01 1.477345377463171872e+02 1.684196046142841574e+00 2.385688194817127059e-02
1.559999999999999720e-01 1.483758363148572244e+02 1.691852230943049262e+00 2.385061460112062812e-02
1.566666666666666485e-01 1.490171673444282874e+02 1.699387477994788398e+00 2.384284983183742809e-02
1.573333333333333250e-01 1.496585301808745214e+02 1.706801141457116255e+00 2.383359798230870116e-02
1.579999999999999738e-01 1.502999241729590096e+02 1.714092628337353208e+00 2.382286957719952775e-02
1.586666666666666503e-01 1.509413486725512712e+02 1.721261399131350789e+00 2.381067531889137501e-02
1.593333333333333268e-01 1.515828030348132529e+02 1.728306968454710546e+00 2.379702608252197080e-02
1.599999999999999756e-01 1.522242866183867989e+02 1.735228905659442988e+00 2.378193291102969828e-02
1.606666666666666521e-01 1.528657987855787326e+02 1.742026835440890542e+00 2.376540701020093613e-02
1.613333333333333286e-01 1.535073389025464223e+02 1.748700438431938453e+00 2.374745974372520149e-02
1.619999999999999774e-01 1.541489063394823518e+02 1.755249451784121950e+00 2.372810262825681554e-02
1.626666666666666539e-01 1.547905004707982641e+02 1.761673669737544801e+00 2.370734732848749429e-02
1.633333333333333304e-01 1.554321206753078570e+02 1.767972944176520400e+00 2.368520565223015267e-02
1.639999999999999791e-01 1.560737663364099319e+02 1.774147185173581054e+00 2.366168954551448739e-02
1.646666666666666556e-01 1.567154368422696677e+02 1.780196361519765125e+00 2.363681108769837350e-02
1.653333333333333321e-01 1.573571315859994968e+02 1.786120501241104996e+00 2.361058248659474515e-02
1.659999999999999809e-01 1.579988499658396961e+02 1.791919692101748174e+00 2.358301607361617744e-02
1.666666666666666574e-01 1.586405913853366201e+02 1.797594082094520207e+00 2.355412429894003859e-02
1.673333333333333062e-01 1.592823552535214162e+02 1.803143879915883208e+00 2.352391972669166942e-02
1.679999999999999827e-01 1.599241409850876892e+02 1.808569355427245062e+00 2.349241503015289667e-02
1.686666666666666592e-01 1.605659480005662374e+02 1.813870840103943172e+00 2.345962298699329207e-02
1.693333333333333079e-01 1.612077757265022342e+02 1.819048727466467952e+00 2.342555647452631423e-02
1.699999999999999845e-01 1.618496235956276053e+02 1.824103473500345851e+00 2.339022846499382718e-02
1.706666666666666610e-01 1.624914910470349412e+02 1.829035597059794238e+00 2.335365202087713588e-02
1.713333333333333097e-01 1.631333775263485393e+02 1.833845680257665256e+00 2.331584029023992671e-02
1.719999999999999862e-01 1.637752824858963550e+02 1.838534368838516952e+00 2.327680650210166638e-02
1.726666666666666627e-01 1.644172053848776613e+02 1.843102372540189160e+00 2.323656396184215628e-02
1.733333333333333115e-01 1.650591456895325848e+02 1.847550465437236333e+00 2.319512604664340436e-02
1.739999999999999880e-01 1.657011028733084856e+02 1.851879486270445074e+00 2.315250620096513667e-02
1.746666666666666645e-01 1.663430764170250313e+02 1.856090338762669489e+00 2.310871793205633226e-02
1.753333333333333133e-01 1.669850658090391846e+02 1.860183991916633195e+00 2.306377480550716313e-02
1.759999999999999898e-01 1.676270705454076051e+02 1.864161480299784568e+00 2.301769044083873395e-02
1.766666666666666385e-01 1.682690901300478572e+02 1.868023904313341532e+00 2.297047850713457642e-02
1.773333333333333151e-01 1.689111240748985381e+02 1.871772430445792335e+00 2.292215271871358984e-02
1.779999999999999916e-01 1.695531719000778992e+02 1.875408291510845649e+00 2.287272683084742506e-02
1.786666666666666403e-01 1.701952331340400519e+02 1.878932786871920335e+00 2.282221463551997731e-02
1.793333333333333168e-01 1.708373073137313156e+02 1.882347282648303421e+00 2.277062995723530200e-02
1.799999999999999933e-01 1.714793939847433251e+02 1.885653211909139149e+00 2.271798664887122662e-02
1.824941724941724908e-01 1.738817096837543090e+02 1.897084903895324359e+00 2.251188103588361647e-02
1.849883449883449882e-01 1.762841719233894935e+02 1.907105943318240904e+00 2.229188083973116657e-02
1.874825174825174856e-01 1.786867603645160898e+02 1.915816536466096398e+00 2.205871570100897960e-02
1.899766899766899830e-01 1.810894566306176614e+02 1.923330212170951237e+00 2.181311363634396219e-02
1.924708624708624527e-01 1.834922444055455628e+02 1.929773835567184070e+00 2.155579846473382188e-02
1.949650349650349501e-01 1.858951095261397484e+02 1.935287584607857436e+00 2.128748739811957280e-02
1.974592074592074475e-01 1.882980400695825267e+02 1.940024891518359107e+00 2.100888880260718891e-02
1.999533799533799450e-01 1.907010264353907587e+02 1.944152351781943011e+00 2.072070013540314865e-02
2.024475524475524424e-01 1.931040614219959650e+02 1.947849603631674142e+00 2.042360606116855673e-02
2.049417249417249398e-01 1.955071402978999799e+02 1.951309181398799719e+00 2.011827675013145092e-02
2.074358974358974372e-01 1.979102608674414796e+02 1.954736346408874503e+00 1.980536635901983603e-02
2.099300699300699347e-01 2.003134235312518854e+02 1.958348899430533363e+00 1.948551169447216083e-02
2.124242424242424043e-01 2.027166313415193883e+02 1.962376978979260000e+00 1.915933105749339713e-02
2.149184149184149017e-01 2.051198900522300335e+02 1.967062850031430665e+00 1.882742326624062962e-02
2.174125874125873992e-01 2.075232081645898461e+02 1.972660687945993363e+00 1.849036685339548736e-02
2.199067599067598966e-01 2.099265969678806414e+02 1.979436362592144283e+00 1.814871943337306379e-02
2.224009324009323940e-01 2.123300705760383664e+02 1.987667227867436548e+00 1.780301723372364198e-02
2.248951048951048914e-01 2.147336459602843775e+02 1.997641921944895982e+00 1.745377478430086213e-02
2.273892773892773889e-01 2.171373429781786797e+02 2.009660183734401695e+00 1.710148475715191421e-02
2.298834498834498863e-01 2.195411843994984054e+02 2.024032691155282837e+00 1.674661794931815717e-02
2.323776223776223837e-01 2.219451959293809011e+02 2.041080926927819839e+00 1.638962340061781570e-02
2.348717948717948811e-01 2.243494062292074318e+02 2.061137077689403352e+00 1.603092863785593805e-02
2.373659673659673786e-01 2.267538469357286033e+02 2.084543972333077200e+00 1.567094003680795031e-02
2.398601398601398760e-01 2.291585526789709490e+02 2.111655065557891398e+00 1.531004329304708894e-02
2.423543123543123456e-01 2.315635610994857814e+02 2.142834472646365285e+00 1.494860399334152490e-02
2.448484848484848431e-01 2.339689128655378738e+02 2.178457061751698287e+00 1.458696827759199850e-02
2.473426573426573405e-01 2.363746516908491913e+02 2.218908609798960985e+00 1.422546358406153420e-02
2.498368298368298379e-01 2.387808243535473309e+02 2.264586028456729849e+00 1.386439946845505894e-02
2.523310023310023631e-01 2.411874807169875226e+02 2.315897666608575545e+00 1.350406848895322094e-02
2.548251748251748050e-01 2.435946737531457416e+02 2.373263695902155579e+00 1.314474714919507299e-02
2.573193473193473024e-01 2.460024595693019478e+02 2.437116586068359680e+00 1.278669689158417298e-02
2.598135198135197999e-01 2.484108974387575586e+02 2.507901676810642133e+00 1.243016513363399099e-02
2.623076923076922973e-01 2.508200498363530357e+02 2.586077853160587470e+00 1.207538634042770211e-02
2.648018648018647947e-01 2.532299824795740619e+02 2.672118331265546320e+00 1.172258312661242363e-02
2.672960372960372921e-01 2.556407643760581720e+02 2.766511561599060087e+00 1.137196738168910412e-02
2.697902097902097895e-01 2.580524678783269792e+02 2.869762256543372470e+00 1.102374141266512959e-02
2.722843822843822870e-01 2.604651687465973851e+02 2.982392549140773674e+00 1.067809909839842822e-02
2.747785547785547844e-01 2.628789462205279506e+02 3.104943289534543016e+00 1.033522705017967877e-02
2.772727272727272818e-01 2.652938831007753606e+02 3.237975485125553110e+00 9.995305773228760002e-03
2.797668997668997792e-01 2.677100658412360872e+02 3.382071889734932224e+00 9.658510823842709689e-03
2.822610722610722767e-01 2.701275846528470197e+02 3.537838745959207110e+00 9.325013956877127932e-03
2.847552447552447741e-01 2.725465336197960937e+02 3.705907683361856719e+00 8.994984258071110628e-03
2.872494172494172715e-01 2.749670108289752193e+02 3.886937773000717744e+00 8.668589255411003960e-03
2.897435897435897134e-01 2.773891185134438047e+02 4.081617735904933930e+00 8.345996003246654305e-03
2.922377622377622108e-01 2.798129632106068243e+02 4.290668299272072161e+00 8.027372132204130956e-03
2.947319347319347083e-01 2.822386559356923499e+02 4.514844689127202493e+00 7.712886857047287700e-03
2.972261072261072057e-01 2.846663123709683418e+02 4.754939241677830886e+00 7.402711933522509481e-03
2.997202797202797031e-01 2.870960530709322143e+02 5.011784107270684352e+00 7.097022553781829994e-03
3.022144522144522005e-01 2.895280036834335533e+02 5.286254010339915155e+00 6.795998168314079831e-03
3.047086247086246980e-01 2.919622951863411231e+02 5.579269015563792067e+00 6.499823220228478741e-03
3.072027972027971954e-01 2.943990641389120242e+02 5.891797234167606589e+00 6.208687775364602444e-03
3.096969696969696928e-01 2.968384529464437946e+02 6.224857384427339824e+00 5.922788028931368597e-03
3.121911421911421902e-01 2.992806101360814068e+02 6.579521096443635031e+00 5.642326666265014105e-03
3.146853146853146876e-01 3.017256906407542942e+02 6.956914822816088417e+00 5.367513051848798664e-03
3.171794871794871851e-01 3.041738560871466461e+02 7.358221183689653166e+00 5.098563217042399211e-03
3.196736596736596825e-01 3.066252750822978896e+02 7.784679536879499651e+00 4.835699613156770743e-03
3.221678321678321799e-01 3.090801234918915270e+02 8.237585521961037216e+00 4.579150592677801515e-03
3.246620046620046773e-01 3.115385847014993033e+02 8.718289282700800058e+00 4.329149578800319323e-03
3.271561771561771748e-01 3.140008498500025098e+02 9.228192027125734498e+00 4.085933879032509035e-03
3.296503496503496722e-01 3.164671180221494069e+02 9.768740543165312928e+00 3.849743100465576485e-03
3.321445221445221696e-01 3.189375963847762137e+02 1.034141925481485380e+01 3.620817123617759824e-03
3.346386946386946670e-01 3.214125002487235747e+02 1.094773938756388176e+01 3.399393595842815311e-03
3.371328671328671645e-01 3.238920530360907719e+02 1.158922482186700620e+01 3.185704916194050020e-03
3.396270396270396619e-01 3.263764861304015312e+02 1.226739426157695867e+01 2.979974696411046269e-03
3.421212121212121593e-01 3.288660385858406130e+02 1.298373944401422442e+01 2.782413705023903915e-03
3.446153846153846567e-01 3.313609566713178651e+02 1.373969928265875318e+01 2.593215330730837959e-03
3.471095571095571541e-01 3.338614932262014463e+02 1.453663007265931739e+01 2.412550638844421658e-03
3.496037296037296516e-01 3.363679068075867349e+02 1.537577220732858407e+01 2.240563139816882567e-03
3.520979020979020935e-01 3.388804606143787623e+02 1.625821424342492705e+01 2.077363439526115196e-03
3.545920745920745909e-01 3.413994211815506787e+02 1.718485559163248766e+01 1.923023993090260684e-03
3.570862470862470883e-01 3.439250568487858573e+02 1.815636955470240821e+01 1.777574231391151763e-03
3.595804195804195857e-01 3.464576360209818517e+02 1.917316882871496730e+01 1.640996364320659829e-03
3.620745920745920832e-01 3.489974252530539047e+02 2.023537584839355219e+01 1.513222178211130363e-03
3.645687645687645806e-01 3.515446872068932862e+02 2.134280041828581886e+01 1.394131128806428907e-03
3.670629370629370780e-01 3.540996785425263056e+02 2.249492686535454666e+01 1.283549979973279105e-03
3.695571095571095754e-01 3.566626478166606375e+02 2.369091244645807137e+01 1.181254151635638796e-03
3.720512820512820729e-01 3.592338334680518983e+02 2.492959796807588546e+01 1.086970823773352520e-03
3.745454545454545148e-01 3.618134619691879834e+02 2.620953060384970357e+01 1.000383709219279747e-03
3.770396270396270122e-01 3.644017462170460817e+02 2.752899785492189011e+01 9.211392736306862157e-04
3.795337995337995096e-01 3.669988842225650956e+02 2.888607064043017658e+01 8.488540654630885238e-04
3.820279720279720070e-01 3.696050581403455340e+02 3.027865277451119752e+01 7.831227386990082407e-04
3.845221445221445045e-01 3.722204336590384628e+02 3.170453368446865028e+01 7.235263170622551919e-04
3.870163170163170019e-01 3.748451597513865750e+02 3.316144119186201777e+01 6.696402627884815058e-04
3.895104895104894993e-01 3.774793687632575825e+02 3.464709148676379158e+01 6.210419696222223762e-04
3.920046620046619967e-01 3.801231768051299014e+02 3.615923399058213761e+01 5.773173866437561171e-04
3.944988344988344942e-01 3.827766843984323373e+02 3.769568951468044560e+01 5.380665809359695987e-04
3.969930069930069916e-01 3.854399773232196935e+02 3.925438086157820550e+01 5.029081489644359913e-04
3.994871794871794890e-01 3.881131276124942246e+02 4.083335568973733842e+01 4.714824763515414467e-04
4.019813519813519864e-01 3.907961946411840586e+02 4.243080200705909277e+01 4.434539166402193602e-04
4.044755244755244838e-01 3.934892262632721440e+02 4.404505704420582646e+01 4.185120085126690383e-04
4.069696969696969813e-01 3.961922599577006281e+02 4.567461048739106388e+01 3.963718785021889263e-04
4.094638694638694787e-01 3.989053239514723828e+02 4.731810314230782666e+01 3.767739858320938071e-04
4.119580419580419761e-01 4.016284382960567427e+02 4.897432208756103478e+01 3.594833618736491157e-04
4.144522144522144735e-01 4.043616158802556697e+02 5.064219329076178866e+01 3.442884833440770505e-04
4.169463869463869710e-01 4.071048633687822758e+02 5.232077253353060797e+01 3.309998997983216334e-04
4.194405594405594684e-01 4.098581820608259818e+02 5.400923534724243069e+01 3.194487153386813645e-04
4.219347319347319658e-01 4.126215686668242029e+02 5.570686651683940482e+01 3.094850040512386424e-04
4.244289044289044632e-01 4.153950160046150017e+02 5.741304957662156028e+01 3.009762199148663191e-04
4.269230769230769607e-01 4.181785136182514862e+02 5.912725660538409755e+01 2.938056455614610147e-04
4.294172494172494581e-01 4.209720483241366651e+02 6.084903853190552780e+01 2.878709106694620607e-04
4.319114219114219000e-01 4.237756046899763192e+02 6.257801608337560850e+01 2.830825997403284017e-04
4.344055944055943974e-01 4.265891654524378396e+02 6.431387145000118721e+01 2.793629605213391286e-04
4.368997668997668948e-01 4.294127118794827425e+02 6.605634069384943530e+01 2.766447178892964464e-04
4.393939393939393923e-01 4.322462240832063003e+02 6.780520689788889399e+01 2.748699933514831689e-04
4.418881118881118897e-01 4.350896812887218061e+02 6.956029402906989390e+01 2.739893270682121763e-04
4.443822843822843871e-01 4.379430620642535246e+02 7.132146147501478595e+01 2.739607971580650483e-04
4.468764568764568845e-01 4.408063445171734429e+02 7.308859920552434630e+01 2.747492297459237505e-04
4.493706293706293819e-01 4.436795064602736147e+02 7.486162350609183136e+01 2.763254925380385202e-04
4.518648018648018794e-01 4.465625255521251233e+02 7.664047322966102627e+01 2.786658644831923768e-04
4.543589743589743768e-01 4.494553794149563259e+02 7.842510651403503630e+01 2.817514741661364288e-04
4.568531468531468742e-01 4.523580457330816671e+02 8.021549791486667402e+01 2.855677998765396492e-04
4.593473193473193716e-01 4.552705023345557720e+02 8.201163590751266952e+01 2.901042247237253725e-04
4.618414918414918691e-01 4.581927272583887998e+02 8.381352071481737198e+01 2.953536406673911438e-04
4.643356643356643665e-01 4.611246988093699883e+02 8.562116242182105452e+01 3.013120958674325679e-04
4.668298368298368639e-01 4.640663956022758612e+02 8.743457934228362660e+01 3.079784802913409169e-04
4.693240093240093613e-01 4.670177965970059972e+02 8.925379660565867823e+01 3.153542450392891557e-04
4.718181818181818588e-01 4.699788811259873569e+02 9.107884493664235492e+01 3.234431513388931587e-04
4.743123543123543562e-01 4.729496289149974473e+02 9.290975960267053324e+01 3.322510456210224635e-04
4.768065268065267981e-01 4.759300200984101821e+02 9.474657950765798375e+01 3.417856575076485821e-04
4.793006993006992955e-01 4.789200352297190761e+02 9.658934641293731715e+01 3.520564179238987266e-04
4.817948717948717929e-01 4.819196552880852096e+02 9.843810426871485220e+01 3.630742948890846276e-04
4.842890442890442904e-01 4.849288616815371142e+02 1.002928986414650723e+02 3.748516448470987257e-04
4.867832167832167878e-01 4.879476362473792506e+02 1.021537762245544343e+02 3.874020776674159711e-04
4.892773892773892852e-01 4.909759612502706432e+02 1.040207844210067520e+02 4.007403336887369223e-04
4.917715617715617826e-01 4.940138193783801626e+02 1.058939709888716152e+02 4.148821713839427800e-04
4.942657342657342801e-01 4.970611937379604797e+02 1.077733837402033856e+02 4.298442644298989569e-04
4.967599067599067775e-01 5.001180678466348013e+02 1.096590702879793326e+02 4.456441070678720151e-04
4.992540792540792749e-01 5.031844256256491690e+02 1.115510778323320977e+02 4.622999268826974927e-04
5.017482517482517723e-01 5.062602513913035978e+02 1.134494529824568758e+02 4.798306041486167595e-04
5.042424242424242697e-01 5.093455298457433855e+02 1.153542416086260260e+02 4.982555970551445475e-04
5.067365967365967672e-01 5.124402460672681627e+02 1.172654887203197802e+02 5.175948722045465612e-04
5.092307692307692646e-01 5.155443855002877172e+02 1.191832383668833870e+02 5.378688398497335349e-04
5.117249417249417620e-01 5.186579339450362340e+02 1.211075335576006040e+02 5.590982934132593526e-04
5.142191142191142594e-01 5.217808775471415856e+02 1.230384161984816842e+02 5.813043528866370562e-04
5.167132867132867569e-01 5.249132027871215769e+02 1.249759270434263811e+02 6.045084117547619255e-04
5.192074592074592543e-01 5.280548964698832606e+02 1.269201056577232976e+02 6.287320871757705191e-04
5.217016317016317517e-01 5.312059457142698875e+02 1.288709903921333080e+02 6.539971730831115569e-04
5.241958041958041381e-01 5.343663379427093787e+02 1.308286183660208053e+02 6.803255960419507834e-04
5.266899766899766355e-01 5.375360608709963799e+02 1.327930254582159648e+02 7.077393736243673197e-04
5.291841491841491329e-01 5.407151024982412082e+02 1.347642463044476813e+02 7.362605751284747669e-04
5.316783216783216304e-01 5.439034510970102474e+02 1.367423143003631765e+02 7.659112844833463642e-04
5.341724941724941278e-01 5.471010952036760955e+02 1.387272616092610633e+02 7.967135651976849867e-04
5.366666666666666252e-01 5.503080236089939490e+02 1.407191191737991005e+02 8.286894272271079324e-04
5.391608391608391226e-01 5.535242253489153654e+02 1.427179167310175671e+02 8.618607956474738955e-04
5.416550116550116201e-01 5.567496896956479304e+02 1.447236828301276717e+02 8.962494810334775946e-04
5.441491841491841175e-01 5.599844061489678779e+02 1.467364448525739817e+02 9.318771514511756116e-04
5.466433566433566149e-01 5.632283644277871417e+02 1.487562290339506319e+02 9.687653059817686891e-04
5.491375291375291123e-01 5.664815544619777938e+02 1.507830604874137919e+02 1.006935249701468955e-03
5.516317016317016098e-01 5.697439663844565985e+02 1.528169632282690316e+02 1.046408070048092517e-03
5.541258741258741072e-01 5.730155905235207001e+02 1.548579601994750590e+02 1.087204614510737036e-03
5.566200466200466046e-01 5.762964173954450189e+02 1.569060732978186650e+02 1.129345469583494400e-03
5.591142191142191020e-01 5.795864376973254366e+02 1.589613234005722973e+02 1.172850940928167650e-03
5.616083916083915994e-01 5.828856423001680014e+02 1.610237303924587025e+02 1.217741034694627428e-03
5.641025641025640969e-01 5.861940222422288116e+02 1.630933131927704380e+02 1.264035439950760226e-03
5.665967365967365943e-01 5.895115687225826377e+02 1.651700897825346317e+02 1.311753512175581815e-03
5.690909090909090917e-01 5.928382730949308552e+02 1.672540772315965398e+02 1.360914257773554415e-03
5.715850815850815891e-01 5.961741268616320895e+02 1.693452917255486625e+02 1.411536319567733297e-03
5.740792540792540866e-01 5.995191216679580748e+02 1.714437485924212581e+02 1.463637963233996742e-03
5.765734265734265840e-01 6.028732492965596066e+02 1.735494623290715310e+02 1.517237064637126220e-03
5.790675990675990814e-01 6.062365016621465656e+02 1.756624466272175482e+02 1.572351098035176158e-03
5.815617715617715788e-01 6.096088708063676904e+02 1.777827143990785430e+02 1.628997125115411821e-03
5.840559440559440763e-01 6.129903488928897559e+02 1.799102778026614828e+02 1.687191784824489246e-03
5.865501165501165737e-01 6.163809282026631990e+02 1.820451482661136993e+02 1.746951283999236514e-03
5.890442890442890711e-01 6.197806011293790789e+02 1.841873365126621138e+02 1.808291388659096941e-03
5.915384615384615685e-01 6.231893601750980451e+02 1.863368525838103267e+02 1.871227416092386938e-03
5.940326340326340659e-01 6.266071979460558623e+02 1.884937058627531599e+02 1.935774227569989027e-03
5.965268065268065634e-01 6.300341071486341207e+02 1.906579050970856315e+02 2.001946221722580507e-03
5.990209790209790608e-01 6.334700805854953387e+02 1.928294584209700133e+02 2.069757328543933572e-03
6.015151515151515582e-01 6.369151111518682455e+02 1.950083733767815204e+02 2.139221003982071361e-03
6.040093240093240556e-01 6.403691918319874503e+02 1.971946569362028754e+02 2.210350225125394270e-03
6.065034965034965531e-01 6.438323156956773801e+02 1.993883155207940092e+02 2.283157485915678422e-03
6.089976689976690505e-01 6.473044758950745745e+02 2.015893550220230850e+02 2.357654793398574963e-03
6.114918414918415479e-01 6.507856656614858366e+02 2.037977808207698729e+02 2.433853664475013352e-03
6.139860139860140453e-01 6.542758783023756450e+02 2.060135978063051709e+02 2.511765123134492624e-03
6.164801864801865428e-01 6.577751071984777127e+02 2.082368103947557643e+02 2.591399698149105240e-03
6.189743589743590402e-01 6.612833458010293270e+02 2.104674225470553495e+02 2.672767421208095684e-03
6.214685314685315376e-01 6.648005876291180130e+02 2.127054377863989885e+02 2.755877825473700572e-03
6.239627039627040350e-01 6.683268262671450657e+02 2.149508592151997561e+02 2.840739944539222555e-03
6.264568764568765324e-01 6.718620553623900378e+02 2.172036895315667664e+02 2.927362311771278258e-03
6.289510489510490299e-01 6.754062686226834558e+02 2.194639310453060261e+02 3.015752960019386919e-03
6.314452214452215273e-01 6.789594598141782171e+02 2.217315856933715281e+02 3.105919421676564714e-03
6.339393939393940247e-01 6.825216227592142104e+02 2.240066550552113824e+02 3.197868729070196120e-03
6.364335664335665221e-01 6.860927513342779775e+02 2.262891403670718944e+02 3.291607415178391446e-03
6.389277389277390196e-01 6.896728394680496876e+02 2.285790425363877318e+02 3.387141514644856875e-03
6.414219114219115170e-01 6.932618811395338980e+02 2.308763621555175689e+02 3.484476565085841207e-03
6.439160839160840144e-01 6.968598703762745572e+02 2.331810995151048189e+02 3.583617608673371133e-03
6.464102564102565118e-01 7.004668012526468601e+02 2.354932546170306580e+02 3.684569193981517866e-03
6.489044289044290093e-01 7.040826678882264105e+02 2.378128271869761363e+02 3.787335378083747650e-03
6.513986013986015067e-01 7.077074644462271635e+02 2.401398166866009092e+02 3.891919728854390664e-03
6.538927738927740041e-01 7.113411851320151982e+02 2.424742223253160773e+02 3.998325327706372077e-03
6.563869463869465015e-01 7.149838241916837660e+02 2.448160430717645113e+02 4.106554772024540757e-03
6.588811188811189989e-01 7.186353759106968937e+02 2.471652776648467977e+02 4.216610178500091420e-03
6.613752913752913853e-01 7.222958346125902835e+02 2.495219246244678004e+02 4.328493186140589151e-03
6.638694638694638828e-01 7.259651946577383796e+02 2.518859822619203044e+02 4.442204959675765015e-03
6.663636363636363802e-01 7.296434504421706606e+02 2.542574486899354156e+02 4.557746193106121911e-03
6.688578088578088776e-01 7.333305963964480725e+02 2.566363218324172522e+02 4.675117113421539856e-03
6.713519813519813750e-01 7.370266269845903935e+02 2.590225994338565556e+02 4.794317484481097798e-03
6.738461538461538725e-01 7.407315367030531661e+02 2.614162790684428614e+02 4.915346611046271866e-03
6.763403263403263699e-01 7.444453200797534009e+02 2.638173581488912873e+02 5.038203342860271203e-03
6.788344988344988673e-01 7.481679716731423468e+02 2.662258339349023117e+02 5.162886079368487688e-03
6.813286713286714757e-01 7.518994860713216895e+02 2.686417035414937686e+02 5.289392773533918742e-03
6.838228438228437511e-01 7.556398578912021549e+02 2.710649639468922487e+02 5.417720936885171007e-03
6.863170163170162485e-01 7.593890817777058828e+02 2.734956120002435682e+02 5.547867644083634246e-03
6.888111888111887460e-01 7.631471524030025648e+02 2.759336444290455006e+02 5.679829537715464990e-03
6.913053613053612434e-01 7.669140644657862822e+02 2.783790578463173802e+02 5.813602833224713363e-03
6.937995337995337408e-01 7.706898126905908839e+02 2.808318487575253357e+02 5.949183323937897588e-03
6.962937062937062382e-01 7.744743918271336725e+02 2.832920135672632682e+02 6.086566386185960666e-03
6.987878787878787357e-01 7.782677966496959243e+02 2.857595485856969617e+02 6.225746984520936014e-03
7.012820512820512331e-01 7.820700219565343332e+02 2.882344500347759890e+02 6.366719677021440496e-03
7.037762237762237305e-01 7.858810625693220118e+02 2.907167140542222228e+02 6.509478620684150743e-03
7.062703962703962279e-01 7.897009133326172332e+02 2.932063367072999540e+02 6.654017576894558951e-03
7.087645687645687254e-01 7.935295691133642322e+02 2.957033139863676183e+02 6.800329916969669389e-03
7.112587412587412228e-01 7.973670248004118548e+02 2.982076418182230100e+02 6.948408627793755885e-03
7.137529137529137202e-01 8.012132753040660873e+02 3.007193160692462470e+02 7.098246317511302736e-03
7.162470862470862176e-01 8.050683155556622523e+02 3.032383325503430456e+02 7.249835221267647914e-03
7.187412587412587150e-01 8.089321405071571007e+02 3.057646870216788102e+02 7.403167207139686040e-03
7.212354312354312125e-01 8.128047451307517122e+02 3.082983751973034714e+02 7.558233781613458990e-03
7.237296037296037099e-01 8.166861244185245141e+02 3.108393927494303739e+02 7.715026096126089555e-03
7.262237762237762073e-01 8.205762733820905623e+02 3.133877353126994194e+02 7.873534952653931177e-03
7.287179487179487047e-01 8.244751870522793524e+02 3.159433984881807191e+02 8.033750809855078057e-03
7.312121212121212022e-01 8.283828604788284338e+02 3.185063778472256786e+02 8.195663789160109389e-03
7.337062937062936996e-01 8.322992887300935081e+02 3.210766689351515879e+02 8.359263680907332711e-03
7.362004662004661970e-01 8.362244668927779685e+02 3.236542672747622191e+02 8.524539950521386675e-03
7.386946386946386944e-01 8.401583900716755124e+02 3.262391683697098301e+02 8.691481744732554304e-03
7.411888111888111919e-01 8.441010533894271930e+02 3.288313677077031798e+02 8.860077897833216684e-03
7.436829836829836893e-01 8.480524519862924535e+02 3.314308607635648514e+02 9.030316937969734906e-03
7.461771561771561867e-01 8.520125810199346006e+02 3.340376430021398164e+02 9.202187093468473106e-03
7.486713286713286841e-01 8.559814356652169636e+02 3.366517098810612652e+02 9.375676299191613647e-03
7.511655011655011815e-01 8.599590111140109912e+02 3.392730568533786482e+02 9.550772202920932569e-03
7.536596736596736790e-01 8.639453025750166262e+02 3.419016793700436097e+02 9.727462171769365312e-03
7.561538461538461764e-01 8.679403052735918891e+02 3.445375728822688188e+02 9.905733298614834148e-03
7.586480186480186738e-01 8.719440144515923521e+02 3.471807328437554361e+02 1.008557240855700345e-02
7.611421911421911712e-01 8.759564253672197083e+02 3.498311547127909762e+02 1.026696606539268843e-02
7.636363636363636687e-01 8.799775332948818232e+02 3.524888339542270046e+02 1.044990057810859206e-02
7.661305361305361661e-01 8.840073335250538094e+02 3.551537660413386561e+02 1.063436200739020440e-02
7.686247086247086635e-01 8.880458213641560405e+02 3.578259464575623383e+02 1.082033617214262639e-02
7.711188811188811609e-01 8.920929921344320519e+02 3.605053706981221353e+02 1.100780865602165627e-02
7.736130536130536584e-01 8.961488411738366722e+02 3.631920342715441166e+02 1.119676481399752184e-02
7.761072261072261558e-01 9.002133638359277938e+02 3.658859327010788434e+02 1.138718977880897459e-02
7.786013986013986532e-01 9.042865554897679203e+02 3.685870615259767646e+02 1.157906846766000412e-02
7.810955710955711506e-01 9.083684115198240079e+02 3.712954163027126242e+02 1.177238558867072481e-02
7.835897435897436480e-01 9.124589273258835647e+02 3.740109926060755470e+02 1.196712564745829911e-02
7.860839160839161455e-01 9.165580983229598360e+02 3.767337860301805676e+02 1.216327295368753621e-02
7.885780885780886429e-01 9.206659199412175667e+02 3.794637921893749422e+02 1.236081162761785805e-02
7.910722610722611403e-01 9.247823876258883047e+02 3.822010067190642530e+02 1.255972560664373426e-02
7.935664335664336377e-01 9.289074968371999148e+02 3.849454252764391526e+02 1.275999865182586047e-02
7.960606060606061352e-01 9.330412430503024552e+02 3.876970435411258222e+02 1.296161435441094655e-02
7.985547785547786326e-01 9.371836217551989421e+02 3.904558572157483241e+02 1.316455614234025850e-02
8.010489510489511300e-01 9.413346284566798658e+02 3.932218620264108608e+02 1.336880728674045941e-02
8.035431235431236274e-01 9.454942586742589583e+02 3.959950537231048315e+02 1.357435090839858964e-02
8.060372960372961249e-01 9.496625079421093005e+02 3.987754280800340325e+02 1.378116998421653056e-02
8.085314685314686223e-01 9.538393718090032962e+02 4.015629808958776152e+02 1.398924735364334357e-02
8.110256410256411197e-01 9.580248458382550325e+02 4.043577079939687451e+02 1.419856572508475592e-02
8.135198135198136171e-01 9.622189256076584343e+02 4.071596052224177242e+02 1.440910768228390038e-02
8.160139860139861145e-01 9.664216067094341724e+02 4.099686684541604791e+02 1.462085569067565760e-02
8.185081585081586120e-01 9.706328847501704331e+02 4.127848935868542526e+02 1.483379210372084978e-02
8.210023310023311094e-01 9.748527553507682342e+02 4.156082765431648340e+02 1.504789916915262073e-02
8.234965034965036068e-01 9.790812141463859462e+02 4.184388132701128598e+02 1.526315903529330137e-02
8.259906759906761042e-01 9.833182567863833583e+02 4.212764997392208670e+02 1.547955375723142867e-02
8.284848484848486017e-01 9.875638789342684731e+02 4.241213319461867854e+02 1.569706530300981825e-02
8.309790209790210991e-01 9.918180762676378208e+02 4.269733059105946609e+02 1.591567555976134557e-02
8.334731934731935965e-01 9.960808444781272328e+02 4.298324176755603503e+02 1.613536633980210827e-02
8.359673659673660939e-01 1.000352179271347836e+03 4.326986633073451003e+02 1.635611938667693582e-02
8.384615384615385913e-01 1.004632076366835577e+03 4.355720388949128505e+02 1.657791638115886645e-02
8.409557109557110888e-01 1.008920531497991988e+03 4.384525405494453025e+02 1.680073894719746191e-02
8.434498834498835862e-01 1.013217540412025073e+03 4.413401644038194718e+02 1.702456865781530257e-02
8.459440559440560836e-01 1.017523098869890191e+03 4.442349066120420957e+02 1.724938704095032443e-02
8.484382284382285810e-01 1.021837202646231049e+03 4.471367633486451041e+02 1.747517558524273526e-02
8.509324009324010785e-01 1.026159847529316494e+03 4.500457308080501662e+02 1.770191574576268634e-02
8.534265734265735759e-01 1.030491029320982079e+03 4.529618052038901510e+02 1.792958894967876596e-02
8.559207459207460733e-01 1.034830743836560259e+03 4.558849827683140461e+02 1.815817660186504201e-02
8.584149184149185707e-01 1.039178986904820476e+03 4.588152597512420243e+02 1.838766009044359370e-02
8.609090909090910682e-01 1.043535754367898107e+03 4.617526324196093697e+02 1.861802079226168236e-02
8.634032634032635656e-01 1.047901042081231935e+03 4.646970970565739094e+02 1.884924007830274945e-02
8.658974358974358410e-01 1.052274845913489798e+03 4.676486499607011638e+02 1.908129931902615567e-02
8.683916083916083384e-01 1.056657161746499924e+03 4.706072874451292023e+02 1.931417988963948784e-02
8.708857808857808358e-01 1.061047985475175437e+03 4.735730058367082620e+02 1.954786317529588757e-02
8.733799533799533332e-01 1.065447313007444563e+03 4.765458014751217775e+02 1.978233057621861871e-02
8.758741258741258306e-01 1.069855140264170586e+03 4.795256707119895623e+02 2.001756351274983775e-02
8.783682983682983281e-01 1.074271463179074999e+03 4.825126099099574617e+02 2.025354343032443813e-02
8.808624708624708255e-01 1.078696277698657923e+03 4.855066154417673374e+02 2.049025180436199120e-02
8.833566433566433229e-01 1.083129579782118753e+03 4.885076836893152290e+02 2.072767014508350436e-02
8.858508158508158203e-01 1.087571365401269986e+03 4.915158110427033193e+02 2.096578000222645496e-02
8.883449883449883178e-01 1.092021630540454453e+03 4.945309938992648426e+02 2.120456296974978019e-02
8.908391608391608152e-01 1.096480371196458236e+03 4.975532286626047380e+02 2.144400069034852266e-02
8.933333333333333126e-01 1.100947583378422905e+03 5.005825117415885188e+02 2.168407486005628770e-02
8.958275058275058100e-01 1.105423263107753201e+03 5.036188395494511383e+02 2.192476723223677273e-02
8.983216783216783075e-01 1.109907406418028131e+03 5.066622085026765490e+02 2.216605962247673173e-02
9.008158508158508049e-01 1.114400009354905933e+03 5.097126150200621737e+02 2.240793391253348768e-02
9.033100233100233023e-01 1.118901067976028571e+03 5.127700555217464853e+02 2.265037205436772061e-02
9.058041958041957997e-01 1.123410578350924425e+03 5.158345264281787195e+02 2.289335607433445191e-02
9.082983682983682971e-01 1.127928536560912107e+03 5.189060241591274689e+02 2.313686807710346391e-02
9.107925407925407946e-01 1.132454938698996102e+03 5.219845451327479395e+02 2.338089024951908734e-02
9.132867132867132920e-01 1.136989780869767856e+03 5.250700857643033714e+02 2.362540486441029944e-02
9.157808857808857894e-01 1.141533059189302094e+03 5.281626424656678864e+02 2.387039428421373899e-02
9.182750582750582868e-01 1.146084769785048820e+03 5.312622116439476940e+02 2.411584096461771853e-02
9.207692307692307843e-01 1.150644908795730771e+03 5.343687897006152525e+02 2.436172745804598971e-02
9.232634032634032817e-01 1.155213472371231319e+03 5.374823730305424760e+02 2.460803641706584347e-02
9.257575757575757791e-01 1.159790456672488517e+03 5.406029580210237100e+02 2.485475059770253514e-02
9.282517482517482765e-01 1.164375857871381186e+03 5.437305410508216710e+02 2.510185286266030519e-02
9.307459207459207740e-01 1.168969672150617725e+03 5.468651184892128185e+02 2.534932618445188968e-02
9.332400932400932714e-01 1.173571895703621067e+03 5.500066866950477333e+02 2.559715364843261065e-02
9.357342657342657688e-01 1.178182524734418166e+03 5.531552420158178620e+02 2.584531845574133263e-02
9.382284382284382662e-01 1.182801555457516088e+03 5.563107807867418160e+02 2.609380392615008593e-02
9.407226107226107636e-01 1.187428984097791044e+03 5.594732993298778183e+02 2.634259350075555256e-02
9.432167832167832611e-01 1.192064806890368118e+03 5.626427939531392894e+02 2.659167074487175930e-02
9.457109557109557585e-01 1.196709020080498931e+03 5.658192609495372380e+02 2.684101935027871297e-02
9.482051282051282559e-01 1.201361619923446142e+03 5.690026965962365466e+02 2.709062313789869364e-02
9.506993006993007533e-01 1.206022602684354069e+03 5.721930971537251480e+02 2.734046606013393332e-02
9.531934731934732508e-01 1.210691964638135687e+03 5.753904588649689913e+02 2.759053220316017713e-02
9.556876456876457482e-01 1.215369702069339155e+03 5.785947779545978165e+02 2.784080578912780102e-02
9.581818181818182456e-01 1.220055811272031406e+03 5.818060506280921800e+02 2.809127117827333459e-02
9.606759906759907430e-01 1.224750288549668539e+03 5.850242730709986745e+02 2.834191287094143391e-02
9.631701631701632405e-01 1.229453130214969406e+03 5.882494414481549256e+02 2.859271550951488633e-02
9.656643356643357379e-01 1.234164332589794640e+03 5.914815519029320967e+02 2.884366388025897537e-02
9.681585081585082353e-01 1.238883892005012513e+03 5.947206005565010400e+02 2.909474291507540417e-02
9.706526806526807327e-01 1.243611804800374330e+03 5.979665835071120910e+02 2.934593769317075246e-02
9.731468531468532301e-01 1.248348067324387102e+03 6.012194968293927104e+02 2.959723344261919534e-02
9.756410256410257276e-01 1.253092675934183035e+03 6.044793365736609303e+02 2.984861554190724672e-02
9.781351981351982250e-01 1.257845626995391058e+03 6.077460987652355016e+02 3.010006952141485587e-02
9.806293706293707224e-01 1.262606916882007908e+03 6.110197794038961092e+02 3.035158106432063463e-02
9.831235431235432198e-01 1.267376541976266481e+03 6.143003744631088239e+02 3.060313600847716989e-02
9.856177156177157173e-01 1.272154498668509177e+03 6.175878798895107593e+02 3.085472034716165574e-02
9.881118881118882147e-01 1.276940783357053078e+03 6.208822916023046901e+02 3.110632023026246862e-02
9.906060606060607121e-01 1.281735392448063067e+03 6.241836054926875477e+02 3.135792196528002646e-02
9.931002331002332095e-01 1.286538322355421087e+03 6.274918174233027912e+02 3.160951201825404344e-02
9.955944055944057069e-01 1.291349569500593816e+03 6.308069232277125593e+02 3.186107701460845487e-02
9.980885780885782044e-01 1.296169130312503057e+03 6.341289187098883531e+02 3.211260373992420869e-02
1.000582750582750702e+00 1.300997001227396140e+03 6.374577996437232059e+02 3.236407914063569452e-02
1.003076923076923199e+00 1.305833178688714952e+03 6.407935617725585189e+02 3.261549032465321102e-02
1.005571095571095697e+00 1.310677659146965425e+03 6.441362008087405684e+02 3.286682456191427487e-02
1.008065268065268194e+00 1.315530439059586115e+03 6.474857124331874729e+02 3.311806928486388246e-02
1.010559440559440691e+00 1.320391514890822464e+03 6.508420922949791247e+02 3.336921208886280132e-02
1.013053613053613189e+00 1.325260883111593557e+03 6.542053360109671303e+02 3.362024073253084416e-02
1.015547785547785686e+00 1.330138540199365707e+03 6.575754391654030542e+02 3.387114313802132293e-02
1.018041958041958184e+00 1.335024482638021027e+03 6.609523973095889460e+02 3.412190739122952787e-02
1.020536130536130681e+00 1.339918706917732152e+03 6.643362059615437829e+02 3.437252174193744514e-02
1.023030303030303179e+00 1.344821209534830359e+03 6.677268606056899216e+02 3.462297460389554549e-02
1.025524475524475676e+00 1.349731986991684153e+03 6.711243566925586492e+02 3.487325455484337894e-02
1.028018648018648173e+00 1.354651035796565111e+03 6.745286896385171076e+02 3.512335033646861449e-02
1.030512820512820671e+00 1.359578352463529200e+03 6.779398548255090873e+02 3.537325085430924332e-02
1.033006993006993168e+00 1.364513933512285121e+03 6.813578476008167399e+02 3.562294517759683615e-02
1.035501165501165666e+00 1.369457775468072441e+03 6.847826632768435502e+02 3.587242253904503186e-02
1.037995337995338163e+00 1.374409874861537219e+03 6.882142971309001496e+02 3.612167233461622412e-02
1.040489510489510661e+00 1.379370228228608994e+03 6.916527444050681197e+02 3.637068412300309417e-02
1.042983682983683158e+00 1.384338832110373687e+03 6.950980003059233923e+02 3.661944762573687839e-02
1.045477855477855655e+00 1.389315683052959230e+03 6.985500600045221518e+02 3.686795272617402613e-02
1.047972027972027931e+00 1.394300777607406872e+03 7.020089186361819884e+02 3.711618946940467567e-02
1.050466200466200428e+00 1.399294112329557493e+03 7.054745713003874243e+02 3.736414806163036728e-02
1.052960372960372926e+00 1.404295683779926776e+03 7.089470130606948715e+02 3.761181886960214549e-02
1.055454545454545423e+00 1.409305488523590611e+03 7.124262389446442967e+02 3.785919242002478563e-02
1.057948717948717920e+00 1.414323523130065951e+03 7.159122439437046523e+02 3.810625939884331598e-02
1.060442890442890418e+00 1.419349784173190983e+03 7.194050230131994113e+02 3.835301065067328596e-02
1.062937062937062915e+00 1.424384268231018950e+03 7.229045710722923559e+02 3.859943717794409729e-02
1.065431235431235413e+00 1.429426971885693320e+03 7.264108830039582472e+02 3.884553014018674727e-02
1.067925407925407910e+00 1.434477891723341372e+03 7.299239536549765717e+02 3.909128085321082746e-02
1.070419580419580408e+00 1.439537024333954832e+03 7.334437778359410913e+02 3.933668078825664632e-02
1.072913752913752905e+00 1.444604366311289368e+03 7.369703503212820124e+02 3.958172157111258804e-02
1.075407925407925402e+00 1.449679914252741128e+03 7.405036658493028199e+02 3.982639498120066346e-02
1.077902097902097900e+00 1.454763664759248968e+03 7.440437191222276851e+02 4.007069295062430647e-02
1.080396270396270397e+00 1.459855614435178722e+03 7.475905048062708147e+02 4.031460756319139860e-02
1.082890442890442895e+00 1.464955759888222929e+03 7.511440175317037529e+02 4.055813105340290436e-02
1.085384615384615392e+00 1.470064097729287141e+03 7.547042518929523567e+02 4.080125580541406338e-02
1.087878787878787890e+00 1.475180624572393526e+03 7.582712024486917244e+02 4.104397435196849298e-02
1.090372960372960387e+00 1.480305337034573540e+03 7.618448637219637476e+02 4.128627937330680425e-02
1.092867132867132884e+00 1.485438231735765612e+03 7.654252302002943225e+02 4.152816369604735852e-02
1.095361305361305382e+00 1.490579305298716008e+03 7.690122963358385277e+02 4.176962029204690785e-02
1.097855477855477879e+00 1.495728554348878333e+03 7.726060565455195501e+02 4.201064227723434047e-02
1.100349650349650377e+00 1.500885975514314396e+03 7.762065052111888690e+02 4.225122291042893163e-02
1.102843822843822874e+00 1.506051565425600302e+03 7.798136366797917844e+02 4.249135559213002705e-02
1.105337995337995372e+00 1.511225320715725957e+03 7.834274452635521584e+02 4.273103386329572123e-02
1.107832167832167869e+00 1.516407238020005707e+03 7.870479252401474923e+02 4.297025140409642396e-02
1.110326340326340366e+00 1.521597313975979205e+03 7.906750708529186795e+02 4.320900203265695683e-02
1.112820512820512864e+00 1.526795545223327053e+03 7.943088763110647506e+02 4.344727970377745829e-02
1.115314685314685361e+00 1.532001928403773036e+03 7.979493357898622889e+02 4.368507850764213191e-02
1.117808857808857859e+00 1.537216460160997485e+03 8.015964434308912132e+02 4.392239266851528240e-02
1.120303030303030356e+00 1.542439137140550429e+03 8.052501933422585125e+02 4.415921654341990049e-02
1.122797202797202853e+00 1.547669955989762911e+03 8.089105795988467662e+02 4.439554462080733815e-02
1.125291375291375351e+00 1.552908913357664687e+03 8.125775962425461785e+02 4.463137151921462570e-02
1.127785547785547848e+00 1.558156005894895316e+03 8.162512372825249258e+02 4.486669198591226870e-02
1.130279720279720346e+00 1.563411230253624353e+03 8.199314966954800639e+02 4.510150089554207375e-02
1.132773892773892843e+00 1.568674583087472229e+03 8.236183684259056008e+02 4.533579324874550259e-02
1.135268065268065341e+00 1.573946061051422703e+03 8.273118463863672787e+02 4.556956417078628779e-02
1.137762237762237838e+00 1.579225660801752838e+03 8.310119244577831523e+02 4.580280891016504791e-02
1.140256410256410335e+00 1.584513378995948869e+03 8.347185964897090571e+02 4.603552283722688043e-02
1.142750582750582833e+00 1.589809212292634356e+03 8.384318563006289651e+02 4.626770144276638741e-02
1.145244755244755330e+00 1.595113157351490372e+03 8.421516976782528445e+02 4.649934033662595639e-02
1.147738927738927828e+00 1.600425210833186611e+03 8.458781143798178164e+02 4.673043524628985035e-02
1.150233100233100325e+00 1.605745369399307037e+03 8.496111001323924938e+02 4.696098201547854040e-02
1.152727272727272823e+00 1.611073629712279853e+03 8.533506486331921224e+02 4.719097660273650907e-02
1.155221445221445320e+00 1.616409988435305195e+03 8.570967535498900816e+02 4.742041508002121236e-02
1.157715617715617817e+00 1.621754442232289421e+03 8.608494085209399600e+02 4.764929363129043194e-02
1.160209790209790315e+00 1.627106987767777127e+03 8.646086071558964932e+02 4.787760855108819796e-02
1.162703962703962812e+00 1.632467621706884984e+03 8.683743430357438911e+02 4.810535624313383440e-02
1.165198135198135310e+00 1.637836340715236247e+03 8.721466097132245068e+02 4.833253321890741000e-02
1.167692307692307807e+00 1.643213141458900736e+03 8.759254007131721664e+02 4.855913609624159383e-02
1.170186480186480305e+00 1.648598020604327075e+03 8.797107095328522064e+02 4.878516159791079776e-02
1.172680652680652802e+00 1.653990974818287896e+03 8.835025296422952579e+02 4.901060655022705659e-02
1.175174825174825299e+00 1.659392000767816626e+03 8.873008544846387622e+02 4.923546788163669224e-02
1.177668997668997797e+00 1.664801095120149739e+03 8.911056774764725787e+02 4.945974262132057930e-02
1.180163170163170294e+00 1.670218254542669229e+03 8.949169920081856162e+02 4.968342789779973956e-02
1.182657342657342792e+00 1.675643475702848946e+03 8.987347914443110994e+02 4.990652093754349705e-02
1.185151515151515067e+00 1.681076755268197076e+03 9.025590691238764975e+02 5.012901906358563364e-02
1.187645687645687564e+00 1.686518089906204750e+03 9.063898183607566352e+02 5.035091969414232094e-02
1.190139860139860062e+00 1.691967476284290797e+03 9.102270324440179365e+02 5.057222034124016219e-02
1.192634032634032559e+00 1.697424911069753534e+03 9.140707046382841554e+02 5.079291860934565667e-02
1.195128205128205057e+00 1.702890390929720752e+03 9.179208281840802783e+02 5.101301219400588421e-02
1.197622377622377554e+00 1.708363912531097412e+03 9.217773962981931390e+02 5.123249888049192374e-02
1.200116550116550052e+00 1.713845472540522678e+03 9.256404021740218013e+02 5.145137654245561520e-02
1.202610722610722549e+00 1.719335067624319436e+03 9.295098389819399927e+02 5.166964314058593993e-02
1.205104895104895046e+00 1.724832694448452230e+03 9.333856998696525125e+02 5.188729672128059717e-02
1.207599067599067544e+00 1.730338349678478608e+03 9.372679779625433412e+02 5.210433541532295820e-02
1.210093240093240041e+00 1.735852029979510235e+03 9.411566663640448951e+02 5.232075743656613986e-02
1.212587412587412539e+00 1.741373732016169924e+03 9.450517581559838618e+02 5.253656108062992880e-02
1.215081585081585036e+00 1.746903452452546617e+03 9.489532463989461348e+02 5.275174472360258382e-02
1.217575757575757534e+00 1.752441187952163091e+03 9.528611241326299250e+02 5.296630682075590540e-02
1.220069930069930031e+00 1.757986935177926171e+03 9.567753843761979624e+02 5.318024590526614082e-02
1.222564102564102528e+00 1.763540690792100577e+03 9.606960201286379970e+02 5.339356058694887108e-02
1.225058275058275026e+00 1.769102451456265953e+03 9.646230243691167061e+02 5.360624955100085770e-02
1.227552447552447523e+00 1.774672213831277531e+03 9.685563900573324645e+02 5.381831155675275563e-02
1.230046620046620021e+00 1.780249974577241574e+03 9.724961101338626577e+02 5.402974543643405958e-02
1.232540792540792518e+00 1.785835730353468989e+03 9.764421775205302083e+02 5.424055009394640470e-02
1.235034965034965015e+00 1.791429477818455553e+03 9.803945851207352007e+02 5.445072450364955852e-02
1.237529137529137513e+00 1.797031213629838248e+03 9.843533258198189060e+02 5.466026770915680816e-02
1.240023310023310010e+00 1.802640934444372760e+03 9.883183924854071165e+02 5.486917882214304570e-02
1.242517482517482508e+00 1.808258636917898912e+03 9.922897779677537073e+02 5.507745702116274150e-02
1.245011655011655005e+00 1.813884317705313606e+03 9.962674751000909055e+02 5.528510155047922786e-02
1.247505827505827503e+00 1.819517973460542862e+03 1.000251476698970009e+03 5.549211171890864464e-02
1.250000000000000000e+00 1.825159600836513619e+03 1.004241775564605518e+03 5.569848689866879754e-02
