# n_fm^-3 Ebind_MeV Esym_MeV Psnm_MeVfm^-3 K_MeV L_MeV
8.000000000000000167e-03 -1.405929701966215362e-01 2.281161111444073075e+00 -8.418474331511660580e-03 -3.061863245761951013e+00 5.322926417125690257e+00
1.047499999999999994e-02 -4.864885737168833657e-01 2.822398986803676735e+00 -1.609890001568459184e-02 -4.366340926816078216e+00 6.774455027162350262e+00
1.294999999999999971e-02 -8.622074218968691639e-01 3.348259039350314215e+00 -2.619188227641622291e-02 -4.902053397170300642e+00 8.179923966317295125e+00
1.542500000000000121e-02 -1.256793701397555196e+00 3.864628681353757589e+00 -3.859886835184589415e-02 -4.396991649487713261e+00 9.599673275258771454e+00
1.789999999999999925e-02 -1.663402323344712386e+00 4.375128465877184070e+00 -5.320072787402807535e-02 -3.639746990803959914e+00 1.103862226501756183e+01
2.037500000000000075e-02 -2.077411014681615598e+00 4.882155314721297934e+00 -6.986568747985799632e-02 -2.632809559066262128e+00 1.249973657023688922e+01
2.285000000000000225e-02 -2.495523884954423011e+00 5.387377071565079945e+00 -8.845380676509861928e-02 -1.381564494729712322e+00 1.398475218954443910e+01
2.532500000000000029e-02 -2.915294342402489747e+00 5.891995188364550273e+00 -1.088197328280386955e-01 1.079148138652813865e-01 1.549458889584622590e+01
2.780000000000000179e-02 -3.334849329440089605e+00 6.396896190149334416e+00 -1.308145073607391851e-01 1.829536213544264767e+00 1.702959635669912331e+01
3.027500000000000330e-02 -3.752719580930261145e+00 6.902744612413240333e+00 -1.542868117960125574e-01 3.777389441900709244e+00 1.858970653436138676e+01
3.275000000000000133e-02 -4.167729827570269663e+00 7.410042871625677208e+00 -1.790838591701380267e-01 5.945790932653689964e+00 2.017453106362179227e+01
3.522500000000000631e-02 -4.578924858469463288e+00 7.919171368290371049e+00 -2.050520531889361564e-01 8.329276476673635798e+00 2.178342487890008528e+01
3.770000000000000434e-02 -4.985518043605793537e+00 8.430416215846687322e+00 -2.320374877982729345e-01 1.092257850032778066e+01 2.341552831306537641e+01
4.017500000000000238e-02 -5.386854472093887125e+00 8.943988920453708857e+00 -2.598863338108614585e-01 1.372060126878718478e+01 2.506979498029893705e+01
4.265000000000000041e-02 -5.782383914470983655e+00 9.460040651876388651e+00 -2.884451432184178543e-01 1.671839863830335560e+01 2.674500997958332960e+01
4.512500000000000538e-02 -6.171640573832178234e+00 9.978672776639232467e+00 -3.175610921621938587e-01 1.991115551100062220e+01 2.843980132123169113e+01
4.760000000000000342e-02 -6.554227642788305275e+00 1.049994474450868331e+01 -3.470821768226812765e-01 2.329417300032078231e+01 3.015264649217250437e+01
5.007500000000000145e-02 -6.929805334909815429e+00 1.102388006050655633e+01 -3.768573729601385480e-01 2.686285684700509435e+01 3.188187545588800376e+01
5.255000000000000643e-02 -7.298081475444405442e+00 1.155047084540165159e+01 -4.067367664986178966e-01 3.061270848051945492e+01 3.362567098227309970e+01
5.502500000000000446e-02 -7.658804008766423976e+00 1.207968133778059183e+01 -4.365716608978402746e-01 3.453931824672694972e+01 3.538206694692203769e+01
5.750000000000000250e-02 -8.011754962857935425e+00 1.261145059028890891e+01 -4.662146656032248870e-01 3.863836033022529648e+01 3.714894506263048157e+01
5.997500000000000747e-02 -8.356745536387052198e+00 1.314569454392564296e+01 -4.955197688910502052e-01 4.290558899034321882e+01 3.892403038938069670e+01
6.245000000000000551e-02 -8.693612061311455363e+00 1.368230761642443483e+01 -5.243423977077128484e-01 4.733683580013647685e+01 4.070488588664461105e+01
6.492500000000001048e-02 -9.022212655964949590e+00 1.422116390682338150e+01 -5.525394665645748660e-01 5.192800764595251906e+01 4.248890621936916290e+01
6.740000000000001545e-02 -9.342424428263939262e+00 1.476211809408264486e+01 -5.799694171496270201e-01 5.667508530784709819e+01 4.427331098934182307e+01
6.987500000000000655e-02 -9.654141121332258990e+00 1.530500608979688515e+01 -6.064922500071503464e-01 6.157412245557613772e+01 4.605513753677443134e+01
7.234999999999999765e-02 -9.957271118017843037e+00 1.584964549208876505e+01 -6.319695494000399094e-01 6.662124494306614508e+01 4.783123344452608450e+01
7.482500000000000262e-02 -1.025173573889230738e+01 1.639583587809637066e+01 -6.562645022817719109e-01 7.181265026567427867e+01 4.959824886236076935e+01
7.730000000000000759e-02 -1.053746778203253598e+01 1.694335896516454909e+01 -6.792419121580337560e-01 7.714460716801595197e+01 5.135262876721149183e+01
7.977500000000001257e-02 -1.081441026341008182e+01 1.749197866549480551e+01 -7.007682084983173354e-01 8.261345538845506553e+01 5.309060527281928188e+01
8.225000000000001754e-02 -1.108251532474685064e+01 1.804144105479353044e+01 -7.207114522670252654e-01 8.821560529172536747e+01 5.480819010352627174e+01
8.472499999999999476e-02 -1.134174328209326177e+01 1.859147427243484429e+01 -7.389413380597886771e-01 9.394753754867829798e+01 5.650116735108795751e+01
8.719999999999999973e-02 -1.159206179331636122e+01 1.914178836821099594e+01 -7.553291932673147357e-01 9.980580284530998370e+01 5.816508664021786501e+01
8.967500000000000471e-02 -1.183344512655310155e+01 1.969207510909034653e+01 -7.697479746434225945e-01 1.057870214415266759e+02 5.979525683548415316e+01
9.215000000000000968e-02 -1.206587351493612914e+01 2.024200775799130270e+01 -7.820722625953919760e-01 1.118878827289855593e+02 6.138674043027409510e+01
9.462500000000001465e-02 -1.228933258526649297e+01 2.079124083573117332e+01 -7.921782534923096364e-01 1.181051446421248556e+02 6.293434876970597003e+01
9.710000000000001963e-02 -1.250381285048013069e+01 2.133940987656477617e+01 -7.999437502404447287e-01 1.244356330580254166e+02 6.443263826825034357e+01
9.957499999999999685e-02 -1.270930925728896455e+01 2.188613118735437268e+01 -8.052481513582563366e-01 1.308762410711549933e+02 6.587590779505252669e+01
1.020500000000000018e-01 -1.290582078178942993e+01 2.243100162009313436e+01 -8.079724387536941776e-01 1.374239281415805749e+02 6.725819741017269848e+01
1.045250000000000068e-01 -1.309335006694118420e+01 2.297359836743066097e+01 -8.079991643848245531e-01 1.440757192779007596e+02 6.857328864715060490e+01
1.070000000000000118e-01 -1.327190309667582824e+01 2.351347879079677838e+01 -8.052124359731038794e-01 1.508287039952585076e+02 6.981470654540068210e+01
1.094750000000000167e-01 -1.344148890223573289e+01 2.405018029079431585e+01 -7.994979019143499954e-01 1.576800352527325231e+02 7.097572364807636802e+01
1.119500000000000217e-01 -1.360211929691229216e+01 2.458322022965794673e+01 -7.907427355232243826e-01 1.646269283564344335e+02 7.204936619549287968e+01
1.144249999999999989e-01 -1.375380863591271918e+01 2.511209591582836964e+01 -7.788356187345470971e-01 1.716666596947479206e+02 7.302842273341106250e+01
1.169000000000000039e-01 -1.389657359852708396e+01 2.563628466059635613e+01 -7.636667253694469082e-01 1.787965654493778231e+02 7.390545538725433516e+01
1.193750000000000089e-01 -1.403043299014427703e+01 2.615524391744487787e+01 -7.451277040685369002e-01 1.860140402821096188e+02 7.467281403608332369e+01
1.218500000000000139e-01 -1.415540756197651717e+01 2.666841151428882029e+01 -7.231116609826244712e-01 1.933165359110858503e+02 7.532265362525012620e+01
1.243250000000000188e-01 -1.427151984663316853e+01 2.717520598951433186e+01 -6.975131423046434520e-01 2.007015596081433273e+02 7.584695486484152127e+01
1.268000000000000238e-01 -1.437879400791791795e+01 2.767502704235629096e+01 -6.682281167165200486e-01 2.081666727188163577e+02 7.623754853371404749e+01
1.292750000000000010e-01 -1.447725570341424373e+01 2.816725610844672900e+01 -6.351539577837996831e-01 2.157094891046281759e+02 7.648614362265192312e+01
1.317500000000000060e-01 -1.456693195859634216e+01 2.865125707118920673e+01 -5.981894265342333483e-01 2.233276735068727419e+02 7.658435950091407562e+01
1.342250000000000110e-01 -1.464785105136263610e+01 2.912637711927411388e+01 -5.572346539120189846e-01 2.310189399492231530e+02 7.652376230831050918e+01
1.367000000000000159e-01 -1.472004240599653713e+01 2.959194776076799371e+01 -5.121911235760023828e-01 2.387810501077587446e+02 7.629590570873727984e+01
1.391750000000000209e-01 -1.478353649568498440e+01 3.004728600310306064e+01 -4.629616548136823440e-01 2.466118115345526292e+02 7.589237612144601997e+01
1.416500000000000259e-01 -1.483836475281293588e+01 3.049169570831881870e+01 -4.094503857089932808e-01 2.545090759989701610e+02 7.530484251679853003e+01
1.441250000000000309e-01 -1.488455948635612458e+01 3.092446913160795319e+01 -3.515627565853947090e-01 2.624707378431712073e+02 7.452511077911330517e+01
1.466000000000000081e-01 -1.492215380571474270e+01 3.134488865045610595e+01 -2.892054937620969213e-01 2.704947321393320863e+02 7.354518261086316500e+01
1.490750000000000131e-01 -1.495118155047885011e+01 3.175222869032502970e+01 -2.222865936461744241e-01 2.785790329979260491e+02 7.235731887507259330e+01
1.515500000000000180e-01 -1.497167722558435798e+01 3.214575785148826981e+01 -1.507153071928257759e-01 2.867216518733548583e+02 7.095410718900581060e+01
1.540250000000000230e-01 -1.498367594143940096e+01 3.252474123972694287e+01 -7.440212475202656606e-02 2.949206357750746292e+02 6.932853351287687360e+01
1.565000000000000280e-01 -1.498721335859272585e+01 3.288844300192648973e+01 6.741238673669158743e-03 3.031740655403212941e+02 6.747405738715481505e+01
1.589750000000000330e-01 -1.498232563660019423e+01 3.323612906521452004e+01 9.280185774815663535e-02 3.114800541856383234e+02 6.538469035252386163e+01
1.614500000000000102e-01 -1.496904938673390006e+01 3.356707007587940694e+01 1.838656106775715671e-01 3.198367451394730665e+02 6.305507703105429584e+01
1.639250000000000151e-01 -1.494742162824877596e+01 3.388054453193015547e+01 2.800171926339771744e-01 3.282423105111902828e+02 6.048057819617797293e+01
1.664000000000000201e-01 -1.491747974793111098e+01 3.417584209981531274e+01 3.813401287160615993e-01 3.366949495384025681e+02 5.765735507023784834e+01
1.688750000000000251e-01 -1.487926146267068361e+01 3.445226710323960617e+01 4.879167864375801855e-01 3.451928868654140956e+02 5.458245399928938468e+01
1.713500000000000301e-01 -1.483280478483595743e+01 3.470914216849823219e+01 5.998283877389098961e-01 3.537343708842911951e+02 5.125389052617131824e+01
1.738250000000000073e-01 -1.477814799024724834e+01 3.494581200763518325e+01 7.171550205168841785e-01 3.623176722158332268e+02 4.767073179055891075e+01
1.763000000000000123e-01 -1.471532958854800199e+01 3.516164731709262981e+01 8.399756496701513697e-01 3.709410820854735675e+02 4.383317611317243490e+01
1.787750000000000172e-01 -1.464438829580842594e+01 3.535604876649357209e+01 9.683681276606534993e-01 3.796029108779419516e+02 3.974262851617910997e+01
1.812500000000000222e-01 -1.456536300919890436e+01 3.552845104832852030e+01 1.102409204589207548e+00 3.883014865677662328e+02 3.540177089081078776e+01
1.837250000000000272e-01 -1.447829278357403382e+01 3.567832695667198806e+01 1.242174537789907163e+00 3.970351531141249097e+02 3.081462548551464664e+01
1.862000000000000322e-01 -1.438321680986427964e+01 3.580519145954691140e+01 1.387738700946584913e+00 4.058022693392879887e+02 2.598661033312556512e+01
1.886750000000000094e-01 -1.428017439510801978e+01 3.590860572707831011e+01 1.539175192734575148e+00 4.146012073842109658e+02 2.092458527998208950e+01
1.911500000000000143e-01 -1.416920494403461817e+01 3.598818107508670039e+01 1.696556444994172352e+00 4.234303512692032427e+02 1.563688728472896905e+01
1.936250000000000193e-01 -1.405034794209541360e+01 3.604358278185101483e+01 1.859953830445277845e+00 4.322880958246245768e+02 1.013335372422016789e+01
1.961000000000000243e-01 -1.392364293981722767e+01 3.607453373432473143e+01 2.029437669947299128e+00 4.411728452375239158e+02 4.425332543454008061e+00
1.985750000000000293e-01 -1.378912953841825129e+01 3.608081785934565744e+01 2.205077239317176918e+00 4.500830119285590740e+02 -1.474321780479644683e+00
2.010500000000000342e-01 -1.364684737657989899e+01 3.606228329525741572e+01 2.386940775713469520e+00 4.590170154201741184e+02 -7.551267389836503696e+00
2.035250000000000115e-01 -1.349683611830005248e+01 3.601884525952854688e+01 2.575095483597465318e+00 4.679732811736025155e+02 -1.378970995104458908e+01
2.060000000000000164e-01 -1.333913544176459709e+01 3.595048857019060051e+01 2.769607540285676350e+00 4.769502395986879719e+02 -2.017245380695137769e+01
2.084750000000000214e-01 -1.317378502914698402e+01 3.585726978000685250e+01 2.970542101100988930e+00 4.859463249461913961e+02 -2.668096962796272820e+01
2.109500000000000264e-01 -1.300082455730023412e+01 3.573931888612230523e+01 3.177963304141144363e+00 4.949599744721658681e+02 -3.329547850226166616e+01
2.134250000000000314e-01 -1.282029368925338986e+01 3.559684058100835813e+01 3.391934274675065808e+00 5.039896274738604234e+02 -3.999505213768221523e+01
2.159000000000000363e-01 -1.263223206647728603e+01 3.543011501578295253e+01 3.612517129182350573e+00 5.130337243779817982e+02 -4.675772857311674358e+01
2.183750000000000135e-01 -1.243667930185881687e+01 3.523949805138519054e+01 3.839772979050508184e+00 5.220907061413023484e+02 -5.356064251973774049e+01
2.208500000000000185e-01 -1.223367497333538267e+01 3.502542097957199729e+01 4.073761933953477410e+00 5.311590133453545377e+02 -6.038016904454737954e+01
2.233250000000000235e-01 -1.202325861814006203e+01 3.478838970217304194e+01 4.314543104874871915e+00 5.402370855108946444e+02 -6.719207921906225067e+01
2.258000000000000285e-01 -1.180546972763181657e+01 3.452898336304248517e+01 4.562174606945916366e+00 5.493233605971693123e+02 -7.397170592566428127e+01
2.282750000000000334e-01 -1.158034774263978761e+01 3.424785243566574877e+01 4.816713561859899073e+00 5.584162743180055486e+02 -8.069411785614681776e+01
2.307500000000000384e-01 -1.134793204932122990e+01 3.394571627526396185e+01 5.078216100135762190e+00 5.675142597146380012e+02 -8.733429957323788528e+01
2.332250000000000156e-01 -1.110826197546009553e+01 3.362336015269352174e+01 5.346737363091051520e+00 5.766157465829062403e+02 -9.386733527243258379e+01
2.357000000000000206e-01 -1.086137678720592703e+01 3.328163179375677316e+01 5.622331504597468665e+00 5.857191611582666155e+02 -1.002685938570529913e+02
2.381750000000000256e-01 -1.060731568619917198e+01 3.292143745492458606e+01 5.905051692627637294e+00 5.948229257894930697e+02 -1.065139127946032573e+02
2.406500000000000306e-01 -1.034611780706075024e+01 3.254373757265424416e+01 6.194950110606697535e+00 6.039254585714695622e+02 -1.125797783130689282e+02
2.431250000000000355e-01 -1.007782221522495547e+01 3.214954202913375525e+01 6.492077958593000631e+00 6.130251731258327936e+02 -1.184434994678175173e+02
2.456000000000000405e-01 -9.802467905072148824e+00 3.173990508269270094e+01 6.796485454300380979e+00 6.221204783908261788e+02 -1.240833737558428282e+02
2.480750000000000177e-01 -9.520093798363404858e+00 3.131592001489458710e+01 7.108221834028540798e+00 6.312097786215149426e+02 -1.294788420805768112e+02
2.505499999999999949e-01 -9.230738742918674689e+00 3.087871355016040553e+01 7.427335353288100350e+00 6.402914731235201771e+02 -1.346106310908397461e+02
2.530249999999999999e-01 -8.934441511554155113e+00 3.042944010549572198e+01 7.753873287631819267e+00 6.493639563354490747e+02 -1.394608811451251995e+02
2.555000000000000049e-01 -8.631240801226795156e+00 2.996927592980883048e+01 8.087881933132109680e+00 6.584256178931498198e+02 -1.440132584137099627e+02
2.579750000000000099e-01 -8.321175232386622156e+00 2.949941319206080337e+01 8.429406606908827371e+00 6.674748425444896611e+02 -1.482530499283603262e+02
2.604500000000000148e-01 -8.004283348508010931e+00 2.902105407737431264e+01 8.778491647583081203e+00 6.765100104274009709e+02 -1.521672407305085812e+02
2.629250000000000198e-01 -7.680603615790232652e+00 2.853540494784755666e+01 9.135180415699551304e+00 6.855294972550357215e+02 -1.557445725784592128e+02
2.654000000000000248e-01 -7.350174422999543822e+00 2.804367062295020219e+01 9.499515294127405696e+00 6.945316743228416954e+02 -1.589755839571594151e+02
2.678750000000000298e-01 -7.013034081452246937e+00 2.754704883055549658e+01 9.871537688463519089e+00 7.035149089566624525e+02 -1.618526315251635879e+02
2.703500000000000347e-01 -6.669220825114393847e+00 2.704672487580500473e+01 1.025128802744907830e+01 7.124775648940216115e+02 -1.643698933768432937e+02
2.728250000000000397e-01 -6.318772810801760897e+00 2.654386657025665386e+01 1.063880576341659889e+01 7.214180023155528261e+02 -1.665233547995866559e+02
2.753000000000000447e-01 -5.961728118479868499e+00 2.603961945870862849e+01 1.103412937278432082e+01 7.303345785420052607e+02 -1.683107774365506941e+02
2.777750000000000496e-01 -5.598124751641421426e+00 2.553510237566780816e+01 1.143729635661134125e+01 7.392256484780175469e+02 -1.697316530449512015e+02
2.802500000000000546e-01 -5.228000637746504253e+00 2.503140335746060430e+01 1.184834324122743965e+01 7.480895647266348760e+02 -1.707871431355843868e+02
2.827250000000000041e-01 -4.851393628731784702e+00 2.452957593080175158e+01 1.226730557895524498e+01 7.569246784175143148e+02 -1.714800059739935989e+02
2.852000000000000091e-01 -4.468341501560644247e+00 2.403063579231042013e+01 1.269421794893452216e+01 7.657293397454661772e+02 -1.718145125572185918e+02
2.876750000000000140e-01 -4.078881958812189623e+00 2.353555788830731998e+01 1.312911395806298742e+01 7.745018983292960684e+02 -1.717963531927301517e+02
2.901500000000000190e-01 -3.683052629303915637e+00 2.304527389861786446e+01 1.357202624206843211e+01 7.832407039689447856e+02 -1.714325363738737735e+02
2.926250000000000240e-01 -3.280891068732330496e+00 2.256067012329993560e+01 1.402298646672062432e+01 7.919441072808469926e+02 -1.707312816319504805e+02
2.951000000000000290e-01 -2.872434760329724668e+00 2.208258576639157411e+01 1.448202532919879104e+01 8.006104602862235424e+02 -1.697019080037515550e+02
2.975750000000000339e-01 -2.457721115525487221e+00 2.161181160684385105e+01 1.494917255962070612e+01 8.092381170941530399e+02 -1.683547197551058900e+02
3.000500000000000389e-01 -2.036787474610378013e+00 2.114908904255413802e+01 1.542445692274958446e+01 8.178254347038269998e+02 -1.667008907996723792e+02
3.025250000000000439e-01 -1.609671107391591249e+00 2.069510949113160336e+01 1.590790621988389830e+01 8.263707736237219024e+02 -1.647523492423071616e+02
3.050000000000000488e-01 -1.176409213836564049e+00 2.025051412725851563e+01 1.639954729094142749e+01 8.348724986554192355e+02 -1.625216633488361424e+02
3.074750000000000538e-01 -7.370389247020057155e-01 1.981589393531002941e+01 1.689940601674686604e+01 8.433289797482065069e+02 -1.600219300370687847e+02
3.099500000000000588e-01 -2.915973021346189853e-01 1.939179005355768126e+01 1.740750732152923774e+01 8.517385925831978284e+02 -1.572666669794622578e+02
3.124250000000000083e-01 1.598786597483012883e-01 1.897869438533064468e+01 1.792387517563776100e+01 8.600997194942385704e+02 -1.542697090867085308e+02
3.149000000000000132e-01 6.173520343137397504e-01 1.857705045207551464e+01 1.844853259848315474e+01 8.684107503540527659e+02 -1.510451101817522783e+02
3.173750000000000182e-01 1.080785961901256087e+00 1.818725446218078190e+01 1.898150166170955799e+01 8.766700832419670633e+02 -1.476070503954568380e+02
3.198500000000000232e-01 1.550143649350843589e+00 1.780965657053946316e+01 1.952280349260246339e+01 8.848761252113106366e+02 -1.439697497831736257e+02
3.223250000000000282e-01 2.025388369569895985e+00 1.744456230291163479e+01 2.007245827773988367e+01 8.930272933103169635e+02 -1.401473884509381662e+02
3.248000000000000331e-01 2.506483461145194269e+00 1.709223412132190845e+01 2.063048526688805850e+01 9.011220154046581001e+02 -1.361540333865466437e+02
3.272750000000000381e-01 2.993392328005029412e+00 1.675289310621273486e+01 2.119690277714613558e+01 9.091587307622479557e+02 -1.320035721639247299e+02
3.297500000000000431e-01 3.486078439124980832e+00 1.642672073328287041e+01 2.177172819734460063e+01 9.171358910948100629e+02 -1.277096534330153048e+02
3.322250000000000481e-01 3.984505328287582415e+00 1.611386072360629029e+01 2.235497799269757024e+01 9.250519613928811395e+02 -1.232856341855143256e+02
3.347000000000000530e-01 4.488636593895193982e+00 1.581442094727610126e+01 2.294666770971213055e+01 9.329054205941146165e+02 -1.187445335885637121e+02
3.371750000000000580e-01 4.998435898833918145e+00 1.552847536232415493e+01 2.354681198135506293e+01 9.406947626110560350e+02 -1.140989932185353837e+02
3.396500000000000075e-01 5.513866970395270073e+00 1.525606597193515768e+01 2.415542453247786625e+01 9.484184970429123496e+02 -1.093612433834208133e+02
3.421250000000000124e-01 6.034893600254235935e+00 1.499720478501621201e+01 2.477251818550070084e+01 9.560751497994222063e+02 -1.045430752075911727e+02
3.446000000000000174e-01 6.561479644500877839e+00 1.475187576633040720e+01 2.539810486635326470e+01 9.636632641881868722e+02 -9.965581821653270822e+01
3.470750000000000224e-01 7.093589023731169618e+00 1.452003676395620246e+01 2.603219561067390941e+01 9.711814016219278756e+02 -9.471032297201021777e+01
3.495500000000000274e-01 7.631185723197745574e+00 1.430162140371766455e+01 2.667480057026119766e+01 9.786281422109253754e+02 -8.971694838981032660e+01
3.520250000000000323e-01 8.174233793012831484e+00 1.409654094120355694e+01 2.732592901978114242e+01 9.860020857155798240e+02 -8.468555342896490856e+01
3.545000000000000373e-01 8.722697348414612861e+00 1.390468606344980884e+01 2.798558936372324979e+01 9.933018522090538909e+02 -7.962549265457150227e+01
3.569750000000000423e-01 9.276540570086694970e+00 1.372592863406662289e+01 2.865378914360292129e+01 1.000526082691125794e+03 -7.454561536291737411e+01
3.594500000000000473e-01 9.835727704537475802e+00 1.356012337601003281e+01 2.933053504540885115e+01 1.007673439983875028e+03 -6.945426789241535914e+01
3.619250000000000522e-01 1.040022306453238343e+01 1.340710948808669301e+01 3.001583290728979136e+01 1.014742609284882860e+03 -6.435929870634302574e+01
3.644000000000000572e-01 1.096999102958841377e+01 1.326671219174404825e+01 3.070968772747357889e+01 1.021732298775082427e+03 -5.926806596514506964e+01
3.668750000000000622e-01 1.154499604651368827e+01 1.313874420586251901e+01 3.141210367242024404e+01 1.028641240480293391e+03 -5.418744720514482083e+01
3.693500000000000116e-01 1.212520263001295007e+01 1.302300714809569726e+01 3.212308408519982095e+01 1.035468190576629240e+03 -4.912385084523717893e+01
3.718250000000000166e-01 1.271057536333546523e+01 1.291929286189435544e+01 3.284263149407524907e+01 1.042211930094594663e+03 -4.408322924529645093e+01
3.743000000000000216e-01 1.330107889898090434e+01 1.282738466909417951e+01 3.357074762132384649e+01 1.048871265746918198e+03 -3.907109298987352730e+01
3.767750000000000266e-01 1.389667795945342732e+01 1.274705854868759403e+01 3.430743339224670763e+01 1.055445030124963750e+03 -3.409252621252610993e+01
3.792500000000000315e-01 1.449733733806829150e+01 1.267808424244520182e+01 3.505268894438177085e+01 1.061932082139845988e+03 -2.915220271532407992e+01
3.817250000000000365e-01 1.510302189979984178e+01 1.262022628901643984e+01 3.580651363691356437e+01 1.068331307831085041e+03 -2.425440266597047767e+01
3.842000000000000415e-01 1.571369658218191034e+01 1.257324498801111545e+01 3.656890606026519208e+01 1.074641620873822376e+03 -1.940302969799160238e+01
3.866750000000000465e-01 1.632932639625005322e+01 1.253689729629992300e+01 3.733986404587182051e+01 1.080861962599116396e+03 -1.460162825627645233e+01
3.891500000000000514e-01 1.694987642753017099e+01 1.251093765854100326e+01 3.811938467612264958e+01 1.086991302440605750e+03 -9.853401057734927804e+00
3.916250000000000564e-01 1.757531183706078082e+01 1.249511877453386077e+01 3.890746429446971888e+01 1.093028638830182672e+03 -5.161226470942798628e+00
3.941000000000000614e-01 1.820559786246417389e+01 1.248919230603016928e+01 3.970409851568808790e+01 1.098972999136419958e+03 -5.276758159466586884e-01
3.965750000000000663e-01 1.884069981905122404e+01 1.249290952536788168e+01 4.050928223628528713e+01 1.104823439795520926e+03 4.044969617274592366e+00
3.990500000000000158e-01 1.948058310096041623e+01 1.250602190917838286e+01 4.132300964505043339e+01 1.110579046928194430e+03 8.554701870158680777e+00
4.015250000000000208e-01 2.012521318233484635e+01 1.252828167944822724e+01 4.214527423373158399e+01 1.116238936687960631e+03 1.299976997864867911e+01
4.040000000000000258e-01 2.077455561852752908e+01 1.255944229511890953e+01 4.297606880783865790e+01 1.121802255300656498e+03 1.737866409731780237e+01
4.064750000000000307e-01 2.142857604734444976e+01 1.259925889667737309e+01 4.381538549755515533e+01 1.127268178946519129e+03 2.169010011525855219e+01
4.089500000000000357e-01 2.208724019030535146e+01 1.264748870680518067e+01 4.466321576876134714e+01 1.132635914509285158e+03 2.593300480596623458e+01
4.114250000000000407e-01 2.275051385393987857e+01 1.270389138947562202e+01 4.551955043414932334e+01 1.137904699617559345e+03 3.010650150476482523e+01
4.139000000000000457e-01 2.341836293110577571e+01 1.276822937031095151e+01 4.638437966442745619e+01 1.143073802353188512e+03 3.420989639211611433e+01
4.163750000000000506e-01 2.409075340232857343e+01 1.284026812068362489e+01 4.725769299960455783e+01 1.148142521639351571e+03 3.824266534804398532e+01
4.188500000000000556e-01 2.476765133716287437e+01 1.291977640801560057e+01 4.813947936034674058e+01 1.153110187321689637e+03 4.220444139739838363e+01
4.213250000000000606e-01 2.544902289557273889e+01 1.300652651463302689e+01 4.902972705939293974e+01 1.157976160251105739e+03 4.609500278238461846e+01
4.238000000000000655e-01 2.613483432932866890e+01 1.310029442757516804e+01 4.992842381302864396e+01 1.162739832114944647e+03 4.991426157807958219e+01
4.262750000000000150e-01 2.682505198342175845e+01 1.320086000119232494e+01 5.083555675260123508e+01 1.167400625346014976e+03 5.366225292571541416e+01
4.287500000000000200e-01 2.751964229748602975e+01 1.330800709504905299e+01 5.175111243613571332e+01 1.171957993359282682e+03 5.733912489062805662e+01
4.312250000000000250e-01 2.821857180723770853e+01 1.342152368881806623e+01 5.267507685972435638e+01 1.176411420360700504e+03 6.094512878672640710e+01
4.337000000000000299e-01 2.892180714591972901e+01 1.354120197590730257e+01 5.360743546938397230e+01 1.180760421229370195e+03 6.448061010776484636e+01
4.361750000000000349e-01 2.962931504575703912e+01 1.366683843790225339e+01 5.454817317252712883e+01 1.185004541368109585e+03 6.794600003311113312e+01
4.386500000000000399e-01 3.034106233941554365e+01 1.379823390129191552e+01 5.549727434961988592e+01 1.189143356593872795e+03 7.134180738574227121e+01
4.411250000000000449e-01 3.105701596146582233e+01 1.393519357796033020e+01 5.645472286580519494e+01 1.193176473004035188e+03 7.466861110521227829e+01
4.436000000000000498e-01 3.177714294985003107e+01 1.407752709103088051e+01 5.742050208251555432e+01 1.197103526860738157e+03 7.792705323031540843e+01
4.460750000000000548e-01 3.250141044734755269e+01 1.422504848740582162e+01 5.839459486906935126e+01 1.200924184256666422e+03 8.111783231869780764e+01
4.485500000000000598e-01 3.322978570304405821e+01 1.437757623820535002e+01 5.937698361424247651e+01 1.204638140729737188e+03 8.424169730090653729e+01
4.510250000000000647e-01 3.396223607379067744e+01 1.453493322834104973e+01 6.036765023781089212e+01 1.208245121433991017e+03 8.729944177235343261e+01
4.535000000000000697e-01 3.469872902566669381e+01 1.469694673634710114e+01 6.136657620205232888e+01 1.211744880743348631e+03 9.029189866112199070e+01
4.559750000000000192e-01 3.543923213543166639e+01 1.486344840538812662e+01 6.237374252320637424e+01 1.215137201647785332e+03 9.321993530487952739e+01
4.584500000000000242e-01 3.618371309197380015e+01 1.503427420660983671e+01 6.338912978288158229e+01 1.218421895668198886e+03 9.608444886394771345e+01
4.609250000000000291e-01 3.693213969774478755e+01 1.520926439540997066e+01 6.441271813940761604e+01 1.221598802873646719e+03 9.888636206275857887e+01
4.634000000000000341e-01 3.768447987019101220e+01 1.538826346170242587e+01 6.544448733912309990e+01 1.224667791043795205e+03 1.016266192904525809e+02
4.658750000000000391e-01 3.844070164316997307e+01 1.557112007479980065e+01 6.648441672759338417e+01 1.227628755340463613e+03 1.043061829789728421e+02
4.683500000000000441e-01 3.920077316835227066e+01 1.575768702363492935e+01 6.753248526075896052e+01 1.230481618362614881e+03 1.069260302679893897e+02
4.708250000000000490e-01 3.996466271661472547e+01 1.594782115292979441e+01 6.858867151599747558e+01 1.233226329491694969e+03 1.094871499233395582e+02
4.733000000000000540e-01 4.073233867941348763e+01 1.614138329586667453e+01 6.965295370310633416e+01 1.235862864470297154e+03 1.119905395302679239e+02
4.757750000000000590e-01 4.150376957014543677e+01 1.633823820390157167e+01 7.072530967519338674e+01 1.238391225054262122e+03 1.144372029299339459e+02
4.782500000000000639e-01 4.227892402548741302e+01 1.653825447412192418e+01 7.180571693947257472e+01 1.240811438699555765e+03 1.168281478378304143e+02
4.807250000000000689e-01 4.305777080672214652e+01 1.674130447453914883e+01 7.289415266796322612e+01 1.243123558124319288e+03 1.191643837029418194e+02
4.832000000000000739e-01 4.384027880104054020e+01 1.694726426789144824e+01 7.399059370808294034e+01 1.245327660596764190e+03 1.214469197340856539e+02
4.856750000000000234e-01 4.462641702282780898e+01 1.715601353406158225e+01 7.509501659313571054e+01 1.247423847660476667e+03 1.236767631168940937e+02
4.881500000000000283e-01 4.541615461492176564e+01 1.736743549174046919e+01 7.620739755268988347e+01 1.249412245254632580e+03 1.258549174121044985e+02
4.906250000000000333e-01 4.620946084985746438e+01 1.758141681938366219e+01 7.732771252283862395e+01 1.251293002217949152e+03 1.279823810903363892e+02
4.931000000000000383e-01 4.700630513108444575e+01 1.779784757591688660e+01 7.845593715634282717e+01 1.253066290417343907e+03 1.300601462064230986e+02
4.955750000000000433e-01 4.780665699415476411e+01 1.801662112123034376e+01 7.959204683265835456e+01 1.254732304658730982e+03 1.320891972216330998e+02
4.980500000000000482e-01 4.861048610790294333e+01 1.823763403692822749e+01 8.073601666782934672e+01 1.256291261097582264e+03 1.340705099520246790e+02
5.005249999999999977e-01 4.941776227557852508e+01 1.846078604728362649e+01 8.188782152426540506e+01 1.257743397925829640e+03 1.360050506159092549e+02
5.030000000000000027e-01 5.022845543597372853e+01 1.868597994076169755e+01 8.304743602038081463e+01 1.259088974385776737e+03 1.378937750113287279e+02
5.054750000000000076e-01 5.104253566451086499e+01 1.891312149215180227e+01 8.421483454010694913e+01 1.260328269945267721e+03 1.397376277589264362e+02
5.079500000000000126e-01 5.185997317430962994e+01 1.914211938544685410e+01 8.538999124226887716e+01 1.261461584475668133e+03 1.415375416685462255e+02
5.104250000000000176e-01 5.268073831722381328e+01 1.937288513769388842e+01 8.657288006982679462e+01 1.262489237337236318e+03 1.432944371684968132e+02
5.129000000000000226e-01 5.350480158485322590e+01 1.960533302374438946e+01 8.776347475897864570e+01 1.263411567106677921e+03 1.450092218241461239e+02
5.153750000000000275e-01 5.433213360952333915e+01 1.983938000220907938e+01 8.896174884812569417e+01 1.264228930976591755e+03 1.466827899158476214e+02
5.178500000000000325e-01 5.516270516524252798e+01 2.007494564244174384e+01 9.016767568669331467e+01 1.264941703960968425e+03 1.483160220898493833e+02
5.203250000000000375e-01 5.599648716862191122e+01 2.031195205289605710e+01 9.138122844381518917e+01 1.265550278995811595e+03 1.499097850721223608e+02
5.228000000000000425e-01 5.683345067977359122e+01 2.055032381064239289e+01 9.260238011686976733e+01 1.266055066283240876e+03 1.514649314182758246e+02
5.252750000000000474e-01 5.767356690317558332e+01 2.078998789229957112e+01 9.383110353987467533e+01 1.266456492306172777e+03 1.529822993332450665e+02
5.277500000000000524e-01 5.851680718850820995e+01 2.103087360627297642e+01 9.506737139173685591e+01 1.266754999859060035e+03 1.544627125370146246e+02
5.302250000000000574e-01 5.936314303145832127e+01 2.127291252647498254e+01 9.631115620435650726e+01 1.266951047673581570e+03 1.559069801545215341e+02
5.327000000000000624e-01 6.021254607449839114e+01 2.151603842734886030e+01 9.756243037058436585e+01 1.267045109316635262e+03 1.573158966512970665e+02
5.351750000000000673e-01 6.106498810763037000e+01 2.176018722043901477e+01 9.882116615203483434e+01 1.267037673138594755e+03 1.586902418156529393e+02
5.376500000000000723e-01 6.192044106910100254e+01 2.200529689232915587e+01 1.000873356867507482e+02 1.266929241784323267e+03 1.600307807425581927e+02
5.401250000000000773e-01 6.277887704608929198e+01 2.225130744405144512e+01 1.013609109967223958e+02 1.266720331510940014e+03 1.613382638841945607e+02
5.426000000000000822e-01 6.364026827535758457e+01 2.249816083198927075e+01 1.026418639952623835e+02 1.266411472214874038e+03 1.626134271031313858e+02
5.450750000000000872e-01 6.450458714388059889e+01 2.274580091017781314e+01 1.039301664942287289e+02 1.266003206241557109e+03 1.638569917338353719e+02
5.475500000000000922e-01 6.537180618943705213e+01 2.299417337404463879e+01 1.052257902111085741e+02 1.265496088217465285e+03 1.650696646956073721e+02
5.500250000000000972e-01 6.624189810117354682e+01 2.324322570562617685e+01 1.065287067759525144e+02 1.264890685028831285e+03 1.662521386046903160e+02
5.525000000000001021e-01 6.711483572013980847e+01 2.349290712014298066e+01 1.078388877381648854e+02 1.264187574751120792e+03 1.674050919138382767e+02
5.549750000000001071e-01 6.799059203979174981e+01 2.374316851405664508e+01 1.091563045731492139e+02 1.263387346363355164e+03 1.685291890486535067e+02
5.574500000000000011e-01 6.886914020646509016e+01 2.399396241439997013e+01 1.104809286888131510e+02 1.262490599472732129e+03 1.696250805735631957e+02
5.599250000000000060e-01 6.975045351981975728e+01 2.424524292960310135e+01 1.118127314319257266e+02 1.261497943979646152e+03 1.706934033681170035e+02
5.624000000000000110e-01 7.063450543325393483e+01 2.449696570154984698e+01 1.131516840943374973e+02 1.260409999307575163e+03 1.717347807979741106e+02
5.648750000000000160e-01 7.152126955429116606e+01 2.474908785904239394e+01 1.144977579190558572e+02 1.259227393773287986e+03 1.727498229029995969e+02
5.673500000000000210e-01 7.241071964493301039e+01 2.500156797247695550e+01 1.158509241061848343e+02 1.257950764941295347e+03 1.737391266007327033e+02
5.698250000000000259e-01 7.330282962198793939e+01 2.525436600990378366e+01 1.172111538187228916e+02 1.256580758986002593e+03 1.747032758961700551e+02
5.723000000000000309e-01 7.419757355736999216e+01 2.550744329424886914e+01 1.185784181882245321e+02 1.255118029600133468e+03 1.756428420676553799e+02
5.747750000000000359e-01 7.509492567836866783e+01 2.576076246178502061e+01 1.199526883203254783e+02 1.253563238055586453e+03 1.765583838845886646e+02
5.772500000000000409e-01 7.599486036788880483e+01 2.601428742179368570e+01 1.213339353001347263e+02 1.251917053270001134e+03 1.774504478323592309e+02
5.797250000000000458e-01 7.689735216466658585e+01 2.626798331743403736e+01 1.227221301974915377e+02 1.250180150682716203e+03 1.783195683270196525e+02
5.822000000000000508e-01 7.780237576345564321e+01 2.652181648771215094e+01 1.241172440720899885e+02 1.248353212165292462e+03 1.791662679262023516e+02
5.846750000000000558e-01 7.870990601518428775e+01 2.677575443058799465e+01 1.255192479784758461e+02 1.246436925966491572e+03 1.799910575483768582e+02
5.871500000000000608e-01 7.961991792709159199e+01 2.702976576714914358e+01 1.269281129709122524e+02 1.244431985674573980e+03 1.807944367033533695e+02
5.896250000000000657e-01 8.053238666282970826e+01 2.728382020689819498e+01 1.283438101081180776e+02 1.242339090297868779e+03 1.815768937017543578e+02
5.921000000000000707e-01 8.144728754254595060e+01 2.753788851399314552e+01 1.297663104578831508e+02 1.240158943997116239e+03 1.823389058792249386e+02
5.945750000000000757e-01 8.236459604293520442e+01 2.779194247459068023e+01 1.311955851015565031e+02 1.237892255586781175e+03 1.830809398306423645e+02
5.970500000000000806e-01 8.328428779727005349e+01 2.804595486511884062e+01 1.326316051384144430e+02 1.235539738155212490e+03 1.838034516032257670e+02
5.995250000000000856e-01 8.420633859540373578e+01 2.829989942148846538e+01 1.340743416899074418e+02 1.233102108533887758e+03 1.845068869247790815e+02
6.020000000000000906e-01 8.513072438374933881e+01 2.855375080928444831e+01 1.355237659037875346e+02 1.230580087517687616e+03 1.851916814256875057e+02
6.044750000000000956e-01 8.605742126523341540e+01 2.880748459483130119e+01 1.369798489581206695e+02 1.227974399542312085e+03 1.858582608453365026e+02
6.069500000000001005e-01 8.698640549923015897e+01 2.906107721715045855e+01 1.384425620651811641e+02 1.225285771427407553e+03 1.865070412373442252e+02
6.094250000000001055e-01 8.791765350146692981e+01 2.931450596074548898e+01 1.399118764752345214e+02 1.222514932797433403e+03 1.871384291843463075e+02
6.119000000000001105e-01 8.885114184390818082e+01 2.956774892926297582e+01 1.413877634802108787e+02 1.219662616568967678e+03 1.877528220118179547e+02
6.143750000000000044e-01 8.978684725461994276e+01 2.982078501993734321e+01 1.428701944172620415e+02 1.216729557211364636e+03 1.883506079741805763e+02
6.168500000000000094e-01 9.072474661761089010e+01 3.007359389879687583e+01 1.443591406722169950e+02 1.213716490483716598e+03 1.889321664631188469e+02
6.193250000000000144e-01 9.166481697264680406e+01 3.032615597667584950e+01 1.458545736829297539e+02 1.210624154945458031e+03 1.894978682074693666e+02
6.218000000000000194e-01 9.260703551505048381e+01 3.057845238592774351e+01 1.473564649425603648e+02 1.207453290310922966e+03 1.900480754695499286e+02
6.242750000000000243e-01 9.355137959548119397e+01 3.083046495789932351e+01 1.488647860025671434e+02 1.204204636582971943e+03 1.905831422246462807e+02
6.267500000000000293e-01 9.449782671968500836e+01 3.108217620102632850e+01 1.503795084759611882e+02 1.200878935299518844e+03 1.911034143436421857e+02
6.292250000000000343e-01 9.544635454823651344e+01 3.133356927966559624e+01 1.519006040401105793e+02 1.197476928421335288e+03 1.916092298010899810e+02
6.317000000000000393e-01 9.639694089625209017e+01 3.158462799358351702e+01 1.534280444396182475e+02 1.193999358371501785e+03 1.921009188351490593e+02
6.341750000000000442e-01 9.734956373308955335e+01 3.183533675802240737e+01 1.549618014890729683e+02 1.190446967765524050e+03 1.925788041371799295e+02
6.366500000000000492e-01 9.830420118202800950e+01 3.208568058447144011e+01 1.565018470757046316e+02 1.186820498771322491e+03 1.930432010134700818e+02
6.391250000000000542e-01 9.926083151992679632e+01 3.233564506191343924e+01 1.580481531619525413e+02 1.183120693896350531e+03 1.934944175655958816e+02
6.416000000000000592e-01 1.002194331768710072e+02 3.258521633879686163e+01 1.596006917879394678e+02 1.179348294812118638e+03 1.939327548586684600e+02
6.440750000000000641e-01 1.011799847357981434e+02 3.283438110542466859e+01 1.611594350738612320e+02 1.175504042141959189e+03 1.943585070637502952e+02
6.465500000000000691e-01 1.021424649321045308e+02 3.308312657697593551e+01 1.627243552222910239e+02 1.171588676188053341e+03 1.947719616510579783e+02
6.490250000000000741e-01 1.031068526532415035e+02 3.333144047704982427e+01 1.642954245203964092e+02 1.167602936093074959e+03 1.951733995267838395e+02
6.515000000000000790e-01 1.040731269382904429e+02 3.357931102167250970e+01 1.658726153420785749e+02 1.163547559535367327e+03 1.955630951800565640e+02
6.539750000000000840e-01 1.050412669775259928e+02 3.382672690382970870e+01 1.674559001500265367e+02 1.159423282635562146e+03 1.959413168515730774e+02
6.564500000000000890e-01 1.060112521119606299e+02 3.407367727849440087e+01 1.690452514976966540e+02 1.155230840054726286e+03 1.963083266693978430e+02
6.589250000000000940e-01 1.069830618328771834e+02 3.432015174807452240e+01 1.706406420312134742e+02 1.150970964895361931e+03 1.966643807954726242e+02
6.614000000000000989e-01 1.079566757813463482e+02 3.456614034836203331e+01 1.722420444911952018e+02 1.146644388048188603e+03 1.970097295618217856e+02
6.638750000000001039e-01 1.089320737477305556e+02 3.481163353485560208e+01 1.738494317145049308e+02 1.142251838405662511e+03 1.973446176127432636e+02
6.663500000000001089e-01 1.099092356711730645e+02 3.505662216957992428e+01 1.754627766359327552e+02 1.137794042524351653e+03 1.976692840369212547e+02
6.688250000000001139e-01 1.108881416390770482e+02 3.530109750823433501e+01 1.770820522898040963e+02 1.133271724476805730e+03 1.979839624973317882e+02
6.713000000000000078e-01 1.118687718865667193e+02 3.554505118781428052e+01 1.787072318115235703e+02 1.128685606203519910e+03 1.982888813637241299e+02
6.737750000000000128e-01 1.128511067959434513e+02 3.578847521455064395e+01 1.803382884390468917e+02 1.124036406743781981e+03 1.985842638255512327e+02
6.762500000000000178e-01 1.138351268961232563e+02 3.603136195225665261e+01 1.819751955142934321e+02 1.119324842168303348e+03 1.988703280343897006e+02
6.787250000000000227e-01 1.148208128620674415e+02 3.627370411104860182e+01 1.836179264844881800e+02 1.114551625807102027e+03 1.991472872038492028e+02
6.812000000000000277e-01 1.158081455141989409e+02 3.651549473635382270e+01 1.852664549034491301e+02 1.109717468187085615e+03 1.994153497323615056e+02
6.836750000000000327e-01 1.167971058178109161e+02 3.675672719833338675e+01 1.869207544328063477e+02 1.104823076509163684e+03 1.996747193236541591e+02
6.861500000000000377e-01 1.177876748824635342e+02 3.699739518157125673e+01 1.885807988431672584e+02 1.099869154371195464e+03 1.999255950836327145e+02
6.886250000000000426e-01 1.187798339613698317e+02 3.723749267510667948e+01 1.902465620152229349e+02 1.094856402545989795e+03 2.001681716435272449e+02
6.911000000000000476e-01 1.197735644507733923e+02 3.747701396278283426e+01 1.919180179407965170e+02 1.089785518299568821e+03 2.004026392658294924e+02
6.935750000000000526e-01 1.207688478893180672e+02 3.771595361388344259e+01 1.935951407238139836e+02 1.084657194980706890e+03 2.006291839117661766e+02
6.960500000000000576e-01 1.217656659574045079e+02 3.795430647398121238e+01 1.952779045813498442e+02 1.079472122659965180e+03 2.008479873905795614e+02
6.985250000000000625e-01 1.227640004765435151e+02 3.819206765625749256e+01 1.969662838443485953e+02 1.074230987492097483e+03 2.010592274536878108e+02
7.010000000000000675e-01 1.237638334086968825e+02 3.842923253288903140e+01 1.986602529585838965e+02 1.068934471894199760e+03 2.012630778418820228e+02
7.034750000000000725e-01 1.247651468556125565e+02 3.866579672678403057e+01 2.003597864854172030e+02 1.063583254582941663e+03 2.014597084309401964e+02
7.059500000000000774e-01 1.257679230581527463e+02 3.890175610360732605e+01 2.020648591025365022e+02 1.058178009873211977e+03 2.016492852965058376e+02
7.084250000000000824e-01 1.267721443956127132e+02 3.913710676395272259e+01 2.037754456046527594e+02 1.052719408418799503e+03 2.018319708094862790e+02
7.109000000000000874e-01 1.277777933850341014e+02 3.937184503586642847e+01 2.054915209041491835e+02 1.047208116758598862e+03 2.020079237231877869e+02
7.133750000000000924e-01 1.287848526805130405e+02 3.960596746748804264e+01 2.072130600316849041e+02 1.041644797052919102e+03 2.021772992546033834e+02
7.158500000000000973e-01 1.297933050724977875e+02 3.983947082001935769e+01 2.089400381367602222e+02 1.036030107530477380e+03 2.023402491807072465e+02
7.183250000000001023e-01 1.308031334870863702e+02 4.007235206083604595e+01 2.106724304882335446e+02 1.030364701852804274e+03 2.024969218958005683e+02
7.208000000000001073e-01 1.318143209853124063e+02 4.030460835682800536e+01 2.124102124748047800e+02 1.024649229626146052e+03 2.026474625087283812e+02
7.232750000000001123e-01 1.328268507624304675e+02 4.053623706796618364e+01 2.141533596054537156e+02 1.018884335976070702e+03 2.027920129058858834e+02
7.257500000000001172e-01 1.338407061471941688e+02 4.076723574101066561e+01 2.159018475098422414e+02 1.013070661518470047e+03 2.029307118409685984e+02
7.282250000000000112e-01 1.348558706011283448e+02 4.099760210349852230e+01 2.176556519386809896e+02 1.007208842632946471e+03 2.030636950087272794e+02
7.307000000000000162e-01 1.358723277178007720e+02 4.122733405782813065e+01 2.194147487640566396e+02 1.001299510742719804e+03 2.031910950911887142e+02
7.331750000000000211e-01 1.368900612220838866e+02 4.145642967555335190e+01 2.211791139797268215e+02 9.953432932004978966e+02 2.033130418440599101e+02
7.356500000000000261e-01 1.379090549694174115e+02 4.168488719185847913e+01 2.229487237013801177e+02 9.893408127320520862e+02 2.034296621766022213e+02
7.381250000000000311e-01 1.389292929450657539e+02 4.191270500022051237e+01 2.247235541668613905e+02 9.832926873313983833e+02 2.035410801998897057e+02
7.406000000000000361e-01 1.399507592633699460e+02 4.213988164717406448e+01 2.265035817363694832e+02 9.771995300219116416e+02 2.036474172867282846e+02
7.430750000000000410e-01 1.409734381670009498e+02 4.236641582728384492e+01 2.282887828926177463e+02 9.710619494897259756e+02 2.037487921593528029e+02
7.455500000000000460e-01 1.419973140262011384e+02 4.259230637827513988e+01 2.300791342409723939e+02 9.648805502863043557e+02 2.038453209286238348e+02
7.480250000000000510e-01 1.430223713380378285e+02 4.281755227625738769e+01 2.318746125095509569e+02 9.586559313044455166e+02 2.039371171548602888e+02
7.505000000000000560e-01 1.440485947256361214e+02 4.304215263114840440e+01 2.336751945493057292e+02 9.523886872221861495e+02 2.040242919198882134e+02
7.529750000000000609e-01 1.450759689374262962e+02 4.326610668221050560e+01 2.354808573340670819e+02 9.460794074986555415e+02 2.041069538795251788e+02
7.554500000000000659e-01 1.461044788463761961e+02 4.348941379373842153e+01 2.372915779605689295e+02 9.397286773162099962e+02 2.041852093058966489e+02
7.579250000000000709e-01 1.471341094492283901e+02 4.371207345083150386e+01 2.391073336484469110e+02 9.333370776054907765e+02 2.042591621535088962e+02
7.604000000000000759e-01 1.481648458657375613e+02 4.393408525536494835e+01 2.409281017402066709e+02 9.269051829053784104e+02 2.043289141133567171e+02
7.628750000000000808e-01 1.491966733378985737e+02 4.415544892201382510e+01 2.427538597011757702e+02 9.204335640458747321e+02 2.043945646636312290e+02
7.653500000000000858e-01 1.502295772291795402e+02 4.437616427446374701e+01 2.445845851194272882e+02 9.139227875303220117e+02 2.044562111149069210e+02
7.678250000000000908e-01 1.512635430237542096e+02 4.459623124165791097e+01 2.464202557056822798e+02 9.073734137605420074e+02 2.045139486550772290e+02
7.703000000000000957e-01 1.522985563257286685e+02 4.481564985422590297e+01 2.482608492931905175e+02 9.007859988252946550e+02 2.045678704142483753e+02
7.727750000000001007e-01 1.533346028583705447e+02 4.503442024098740859e+01 2.501063438375916803e+02 8.941610948951118871e+02 2.046180675004419527e+02
7.752500000000001057e-01 1.543716684633384375e+02 4.525254262557038487e+01 2.519567174167538042e+02 8.874992483051806857e+02 2.046646290417704108e+02
7.777250000000001107e-01 1.554097390999104391e+02 4.547001732311436228e+01 2.538119482305938845e+02 8.808010002219058379e+02 2.047076422350423854e+02
7.802000000000001156e-01 1.564488008442081082e+02 4.568684473709800642e+01 2.556720146008792653e+02 8.740668882706627301e+02 2.047471923905183644e+02
7.826750000000001206e-01 1.574888398884281742e+02 4.590302535623965952e+01 2.575368949710112929e+02 8.672974447518921579e+02 2.047833629760022802e+02
7.851500000000001256e-01 1.585298425400690121e+02 4.611855975151702580e+01 2.594065679057903253e+02 8.604931962693842706e+02 2.048162356583265478e+02
7.876250000000000195e-01 1.595717952211580268e+02 4.633344857325072752e+01 2.612810120911644844e+02 8.536546656883673450e+02 2.048458903316301587e+02
7.901000000000000245e-01 1.606146844674797194e+02 4.654769254827586167e+01 2.631602063339637425e+02 8.467823712215883916e+02 2.048724051697901984e+02
7.925750000000000295e-01 1.616584969278080735e+02 4.676129247722509774e+01 2.650441295616124080e+02 8.398768253649521967e+02 2.048958566718338830e+02
7.950500000000000345e-01 1.627032193631323480e+02 4.697424923188123103e+01 2.669327608218374053e+02 8.329385363589469762e+02 2.049163196716395987e+02
7.975250000000000394e-01 1.637488386458906007e+02 4.718656375256401247e+01 2.688260792823480188e+02 8.289834084660916460e+02 2.049338674043976596e+02
8.000000000000000444e-01 1.647953417592002552e+02 4.739823704570181206e+01 2.707240642305151823e+02 8.280166784093344177e+02 2.049480527178762941e+02
